num crossings	time (s)	maj axis (mm)	min axis (mm)	theta (rad )	slope (V/s)
4729	6239.932676	29.571832	-56.800443	0.154437	0.407574
4731	6241.995505	33.975810	-46.683604	0.296181	0.470557
4733	6244.072482	28.553391	-55.967163	0.145903	0.445849
4735	6246.136515	28.007212	-56.430484	0.128584	0.451569
4737	6248.176850	29.345109	-54.326432	0.175723	0.289282
4741	6252.304387	27.631336	-55.521250	0.126176	0.430016
4743	6254.360021	27.866072	-55.378971	0.128321	0.197483
4745	6256.393230	30.767644	-52.599386	0.210956	0.518720
4747	6258.457741	29.947668	-53.184918	0.183453	0.475273
4749	6260.521363	29.015138	-54.115018	0.158385	0.434022
4751	6262.573765	29.537296	-53.201708	0.170669	0.349308
4753	6264.649469	27.223471	-55.266912	0.101464	0.410077
4755	6266.705707	27.373154	-55.082375	0.108751	0.279638
4757	6268.760802	27.590794	-54.323190	0.111540	0.343301
4759	6270.824761	26.423872	-55.023977	0.082116	0.276607
4761	6272.876351	26.756377	-54.393724	0.093985	0.288195
4765	6276.983473	27.849065	-53.275060	0.118213	0.596480
4767	6279.043998	27.481361	-53.864085	0.103403	0.390495
4769	6281.089671	29.211563	-52.260636	0.148202	0.462778
4771	6283.153174	27.947063	-52.810045	0.108771	0.449683
4773	6285.208339	28.262890	-52.764861	0.121850	0.467647
4775	6287.285484	26.128270	-54.501061	0.058285	0.330779
4777	6289.327214	27.391956	-52.925397	0.095452	0.502631
4779	6291.395351	26.443709	-53.862884	0.068751	0.444165
4781	6293.468067	24.829330	-55.859275	0.020654	0.285505
4783	6295.502733	26.770154	-53.113275	0.078940	0.322161
4785	6297.564034	26.361332	-53.111515	0.063662	0.492731
4787	6299.608206	28.046275	-51.508103	0.117186	0.530928
4789	6301.678695	26.405954	-53.119195	0.060524	0.663490
4791	6303.738647	25.605180	-53.424790	0.043895	0.381202
4793	6305.800368	25.293127	-53.268890	0.030437	0.492518
4795	6307.867859	24.556242	-54.701805	0.001797	0.236624
4797	6309.917672	25.313951	-53.886948	0.023525	0.532684
4799	6311.967196	26.076539	-53.100637	0.041528	0.599254
4801	6314.042777	24.606585	-55.054200	-0.002806	0.414296
4803	6316.102431	23.723069	-55.082675	-0.023956	0.317585
4805	6318.154173	24.248274	-54.284926	-0.006027	0.318024
4807	6320.218772	23.417820	-55.038956	-0.031872	0.315042
4809	6322.255148	25.534584	-52.581968	0.033336	0.494944
4811	6324.317971	24.613420	-53.072919	0.001066	0.457108
4813	6326.380578	24.250628	-53.799577	-0.005359	0.337891
4815	6328.447579	23.433975	-54.370070	-0.032837	0.371793
4817	6330.506594	23.011837	-54.861703	-0.044430	0.327875
4819	6332.550386	24.212552	-52.925738	-0.009382	0.429593
4821	6334.628643	21.995962	-55.197104	-0.077906	0.221780
4823	6336.679039	22.683225	-54.460988	-0.053385	0.401897
4825	6338.734309	22.868530	-54.109847	-0.050171	0.412431
4827	6340.804183	21.517001	-55.336677	-0.090216	0.321848
4829	6342.856429	22.037159	-54.474873	-0.077970	0.355817
4831	6344.900873	23.498781	-53.586184	-0.035572	0.340060
4833	6346.971026	22.301858	-54.382367	-0.083332	0.290076
4835	6349.007675	24.256755	-52.061919	-0.023305	0.442048
4837	6351.063916	24.068529	-51.625192	-0.025432	0.364952
4839	6353.135496	22.450031	-53.432465	-0.070227	0.265342
4841	6355.171009	24.672868	-50.878744	-0.007748	0.519442
4843	6357.245512	23.222639	-52.378514	-0.052426	0.469951
4845	6359.300658	22.881839	-52.281091	-0.062091	0.339487
4847	6361.355337	23.496973	-51.876868	-0.041236	0.416237
4849	6363.427472	21.588001	-53.693862	-0.099185	0.320246
4851	6365.494502	21.065369	-54.090995	-0.116592	0.349913
4853	6367.534286	22.458732	-52.262175	-0.076124	0.412183
4855	6369.600836	21.413948	-53.306940	-0.105314	0.271363
4857	6371.653628	22.192565	-52.560163	-0.089305	0.325696
4859	6373.734148	20.306612	-55.360381	-0.147795	0.340099
4861	6375.786863	20.424549	-54.499739	-0.144576	0.262294
4863	6377.853914	19.788527	-55.482353	-0.165821	0.201201
4865	6379.894679	20.927139	-54.218302	-0.130982	0.428121
4867	6381.970116	19.589572	-55.555622	-0.170847	0.312271
4869	6384.015339	20.199167	-54.420251	-0.152481	0.369279
4871	6386.074048	20.141976	-54.749790	-0.157849	0.277725
4873	6388.131815	20.225034	-54.490958	-0.153758	0.434247
4875	6390.204374	18.829125	-55.736435	-0.198855	0.287068
4877	6392.241119	20.469475	-53.837727	-0.146301	0.250802
4879	6394.320987	18.751993	-55.563569	-0.198713	0.250587
4881	6396.359917	19.717684	-53.812302	-0.164990	0.264976
4883	6398.409108	20.029676	-53.117455	-0.157675	0.348064
4885	6400.475174	19.708439	-53.569432	-0.167056	0.236229
4887	6402.538540	19.168292	-54.098732	-0.184676	0.217636
4889	6404.579287	20.125397	-52.355119	-0.154329	0.470809
4891	6406.638732	20.389847	-52.543098	-0.149664	0.386543
4893	6408.691712	20.519384	-52.175080	-0.149464	0.473829
4895	6410.743171	21.357761	-51.079240	-0.126813	0.461927
4897	6412.830672	18.638962	-54.177343	-0.209076	0.308878
4899	6414.869119	20.373106	-51.853762	-0.159574	0.338125
4901	6416.936236	19.029992	-53.285734	-0.197390	0.352088
4903	6418.992181	19.375598	-52.710195	-0.189136	0.224530
4905	6421.024953	21.593997	-50.304831	-0.120054	0.508810
4907	6423.110927	18.798205	-53.076742	-0.204356	0.327210
4909	6425.152229	20.157929	-51.335388	-0.161398	0.306578
4911	6427.229519	18.368952	-53.456876	-0.218946	0.301185
4913	6429.271909	19.661275	-51.593884	-0.178739	0.382468
4915	6431.340254	18.743230	-52.745415	-0.208831	0.193715
4917	6433.394097	19.049249	-52.136470	-0.203486	0.442326
4919	6435.468016	17.962943	-53.977430	-0.240119	0.342511
4921	6437.532507	17.549624	-54.615136	-0.254867	0.288672
4923	6439.581198	17.855207	-53.937464	-0.243842	0.394720
4925	6441.639548	17.712195	-54.124319	-0.248418	0.000635
4927	6443.690920	18.055929	-53.268738	-0.233044	0.500878
4929	6445.739633	18.809804	-52.721575	-0.216122	0.391643
4931	6447.817813	17.529025	-54.085110	-0.261653	0.352063
4933	6449.885612	16.835578	-55.097484	-0.284028	0.101431
4935	6451.924793	17.791773	-53.431833	-0.245884	0.204964
4937	6453.998048	16.728400	-54.574274	-0.282368	0.316327
4939	6456.055517	16.553546	-54.746481	-0.289481	0.419878
4941	6458.121015	16.150937	-55.094144	-0.301431	0.192404
4943	6460.156183	17.346329	-53.079552	-0.259521	0.336412
4945	6462.217905	16.809425	-53.592166	-0.271133	0.435135
4947	6464.273630	17.065857	-53.413875	-0.272529	0.188627
4949	6466.335425	16.842464	-53.554196	-0.281457	0.327067
4951	6468.391639	17.041507	-53.875033	-0.276492	0.093213
4953	6470.454481	16.478667	-53.778631	-0.292909	0.292670
4955	6472.492872	17.531032	-52.130006	-0.261716	0.264549
4957	6474.553285	17.378451	-52.659123	-0.266635	0.278973
4959	6476.600830	18.349827	-51.223135	-0.236399	0.519149
4961	6478.675479	16.738851	-52.851272	-0.282667	0.352867
4963	6480.723742	17.285560	-51.994171	-0.268361	0.357417
4965	6482.796516	16.323948	-53.520501	-0.300230	0.156567
4967	6484.844274	17.037524	-52.673181	-0.276352	0.324432
4971	6488.970091	16.488953	-53.174144	-0.304125	0.287548
4973	6491.027325	16.282426	-53.137561	-0.312593	0.168087
4975	6493.088516	16.294499	-53.498461	-0.312295	0.242711
4977	6495.145213	16.375178	-53.355969	-0.312287	0.144977
4979	6497.196458	16.204435	-52.758282	-0.312054	0.261921
4981	6499.288653	14.689501	-55.474801	-0.374161	0.230069
4983	6501.311844	16.391698	-52.484444	-0.307903	0.238039
4985	6503.369025	16.276403	-52.692245	-0.308239	0.362021
4987	6505.427529	15.735379	-52.970823	-0.323332	0.426631
4989	6507.485945	16.411171	-52.675412	-0.313510	0.483982
4991	6509.557083	15.355867	-53.676222	-0.344791	0.142665
4993	6511.614522	15.022014	-53.851715	-0.355323	0.203498
4995	6513.689850	14.662906	-54.904103	-0.376742	0.084263
4997	6515.717086	15.595639	-52.644137	-0.328584	0.366184
4999	6517.781495	15.319805	-52.838357	-0.343469	0.345857
5001	6519.849792	14.632776	-53.884441	-0.364348	0.300971
5003	6521.889943	15.520012	-52.518102	-0.338660	0.264625
5005	6523.949777	15.763788	-52.317943	-0.335410	0.321659
5007	6526.003796	15.472438	-52.492995	-0.340315	0.158974
5009	6528.069663	15.289233	-53.235165	-0.349006	0.164967
5011	6530.108047	16.253189	-51.098208	-0.315927	0.199676
5013	6532.170654	15.687627	-51.664658	-0.330928	0.212121
5015	6534.224810	16.030430	-51.295661	-0.326675	0.377237
5017	6536.300060	15.030275	-52.864088	-0.359472	0.331467
5019	6538.351895	14.992461	-52.425074	-0.355894	0.230529
5021	6540.436522	13.805111	-54.465049	-0.408317	0.155174
