crossing time (s)	slope (V/s)	crossing number
281474976710655.000000	1.033261	1737	0.000000
281474976710655.000000	1.074993	1738	0.000000
281474976710655.000000	1.071263	1739	0.000000
281474976710655.000000	1.071111	1740	0.000000
281474976710655.000000	1.149003	1741	0.000000
281474976710655.000000	1.082844	1742	0.000000
281474976710655.000000	1.120698	1743	0.000000
281474976710655.000000	1.055688	1744	0.000000
281474976710655.000000	1.095018	1745	0.000000
281474976710655.000000	1.120494	1746	0.000000
281474976710655.000000	1.012593	1747	0.000000
281474976710655.000000	1.042641	1748	0.000000
281474976710655.000000	1.106922	1749	0.000000
281474976710655.000000	1.104382	1750	0.000000
281474976710655.000000	1.106520	1751	0.000000
281474976710655.000000	1.062014	1752	0.000000
281474976710655.000000	1.059400	1753	0.000000
281474976710655.000000	1.192702	1754	0.000000
281474976710655.000000	1.088965	1755	0.000000
281474976710655.000000	1.100567	1756	0.000000
281474976710655.000000	1.063326	1757	0.000000
281474976710655.000000	1.170950	1758	0.000000
281474976710655.000000	1.092282	1759	0.000000
281474976710655.000000	1.074551	1760	0.000000
281474976710655.000000	1.073504	1761	0.000000
281474976710655.000000	1.116700	1762	0.000000
281474976710655.000000	1.109867	1763	0.000000
281474976710655.000000	1.110493	1764	0.000000
281474976710655.000000	1.018853	1765	0.000000
281474976710655.000000	1.075328	1766	0.000000
281474976710655.000000	1.095766	1767	0.000000
281474976710655.000000	1.102702	1768	0.000000
281474976710655.000000	1.066858	1769	0.000000
281474976710655.000000	1.108057	1770	0.000000
281474976710655.000000	1.017341	1771	0.000000
281474976710655.000000	1.090268	1772	0.000000
281474976710655.000000	1.074092	1773	0.000000
281474976710655.000000	1.137826	1774	0.000000
281474976710655.000000	1.094023	1775	0.000000
281474976710655.000000	1.089149	1776	0.000000
281474976710655.000000	1.067392	1777	0.000000
281474976710655.000000	1.059087	1778	0.000000
281474976710655.000000	1.094824	1779	0.000000
281474976710655.000000	1.083278	1780	0.000000
281474976710655.000000	1.076838	1781	0.000000
281474976710655.000000	1.040513	1782	0.000000
281474976710655.000000	1.077153	1783	0.000000
281474976710655.000000	1.068337	1784	0.000000
281474976710655.000000	1.089302	1785	0.000000
281474976710655.000000	1.067220	1786	0.000000
281474976710655.000000	1.121195	1787	0.000000
281474976710655.000000	1.133834	1788	0.000000
281474976710655.000000	1.136074	1789	0.000000
281474976710655.000000	1.152627	1790	0.000000
281474976710655.000000	1.185267	1791	0.000000
281474976710655.000000	1.059244	1792	0.000000
281474976710655.000000	1.189929	1793	0.000000
281474976710655.000000	1.083188	1794	0.000000
281474976710655.000000	1.024561	1795	0.000000
281474976710655.000000	1.110355	1796	0.000000
281474976710655.000000	1.067978	1797	0.000000
281474976710655.000000	1.068377	1798	0.000000
281474976710655.000000	1.069263	1799	0.000000
281474976710655.000000	1.005868	1800	0.000000
281474976710655.000000	1.140752	1801	0.000000
281474976710655.000000	1.046513	1802	0.000000
281474976710655.000000	1.109619	1803	0.000000
281474976710655.000000	1.069422	1804	0.000000
281474976710655.000000	1.037313	1805	0.000000
281474976710655.000000	1.120591	1806	0.000000
281474976710655.000000	1.040056	1807	0.000000
281474976710655.000000	1.050663	1808	0.000000
281474976710655.000000	1.014879	1809	0.000000
281474976710655.000000	1.089212	1810	0.000000
281474976710655.000000	1.102010	1811	0.000000
281474976710655.000000	1.093807	1812	0.000000
281474976710655.000000	1.031848	1813	0.000000
281474976710655.000000	1.088267	1814	0.000000
281474976710655.000000	1.056277	1815	0.000000
281474976710655.000000	1.091516	1816	0.000000
281474976710655.000000	1.011801	1817	0.000000
281474976710655.000000	1.077988	1818	0.000000
281474976710655.000000	1.117348	1819	0.000000
281474976710655.000000	1.074825	1820	0.000000
281474976710655.000000	1.088911	1821	0.000000
281474976710655.000000	1.099300	1822	0.000000
281474976710655.000000	1.032532	1823	0.000000
281474976710655.000000	1.091218	1824	0.000000
281474976710655.000000	1.043170	1825	0.000000
281474976710655.000000	1.058666	1826	0.000000
281474976710655.000000	1.066254	1827	0.000000
281474976710655.000000	1.054327	1828	0.000000
281474976710655.000000	1.128254	1829	0.000000
281474976710655.000000	1.115235	1830	0.000000
281474976710655.000000	1.071864	1831	0.000000
281474976710655.000000	1.102332	1832	0.000000
281474976710655.000000	1.110373	1833	0.000000
281474976710655.000000	1.083324	1834	0.000000
281474976710655.000000	1.074885	1835	0.000000
281474976710655.000000	1.033106	1836	0.000000
281474976710655.000000	1.076087	1837	0.000000
281474976710655.000000	1.028950	1838	0.000000
281474976710655.000000	1.072904	1839	0.000000
281474976710655.000000	1.056680	1840	0.000000
281474976710655.000000	1.064507	1841	0.000000
281474976710655.000000	1.039966	1842	0.000000
281474976710655.000000	1.045423	1843	0.000000
281474976710655.000000	1.043322	1844	0.000000
281474976710655.000000	1.077618	1845	0.000000
281474976710655.000000	1.071097	1846	0.000000
281474976710655.000000	1.053297	1847	0.000000
281474976710655.000000	1.042857	1848	0.000000
281474976710655.000000	1.096079	1849	0.000000
281474976710655.000000	1.015325	1850	0.000000
281474976710655.000000	1.050184	1851	0.000000
281474976710655.000000	1.026491	1852	0.000000
281474976710655.000000	1.050118	1853	0.000000
281474976710655.000000	1.132538	1854	0.000000
281474976710655.000000	1.102076	1855	0.000000
281474976710655.000000	1.075804	1856	0.000000
281474976710655.000000	1.105097	1857	0.000000
281474976710655.000000	1.096000	1858	0.000000
281474976710655.000000	1.093016	1859	0.000000
281474976710655.000000	1.071115	1860	0.000000
281474976710655.000000	1.103230	1861	0.000000
281474976710655.000000	1.074142	1862	0.000000
281474976710655.000000	1.141801	1863	0.000000
281474976710655.000000	1.048936	1864	0.000000
281474976710655.000000	1.081422	1865	0.000000
281474976710655.000000	1.073445	1866	0.000000
281474976710655.000000	1.072789	1867	0.000000
281474976710655.000000	1.099209	1868	0.000000
281474976710655.000000	1.070599	1869	0.000000
281474976710655.000000	1.107031	1870	0.000000
281474976710655.000000	1.081670	1871	0.000000
281474976710655.000000	1.045074	1872	0.000000
281474976710655.000000	1.064650	1873	0.000000
281474976710655.000000	1.037926	1874	0.000000
281474976710655.000000	1.083153	1875	0.000000
281474976710655.000000	1.082067	1876	0.000000
281474976710655.000000	1.058699	1877	0.000000
281474976710655.000000	1.057142	1878	0.000000
281474976710655.000000	1.098635	1879	0.000000
281474976710655.000000	1.076508	1880	0.000000
281474976710655.000000	1.005928	1881	0.000000
281474976710655.000000	1.089126	1882	0.000000
281474976710655.000000	1.094556	1883	0.000000
281474976710655.000000	1.060373	1884	0.000000
281474976710655.000000	1.053850	1885	0.000000
281474976710655.000000	1.081873	1886	0.000000
281474976710655.000000	1.077193	1887	0.000000
281474976710655.000000	1.069725	1888	0.000000
281474976710655.000000	1.062841	1889	0.000000
281474976710655.000000	1.050087	1890	0.000000
281474976710655.000000	1.116526	1891	0.000000
281474976710655.000000	1.064613	1892	0.000000
281474976710655.000000	1.019345	1893	0.000000
281474976710655.000000	1.098743	1894	0.000000
281474976710655.000000	1.037612	1895	0.000000
281474976710655.000000	1.127031	1896	0.000000
281474976710655.000000	1.044911	1897	0.000000
281474976710655.000000	1.052179	1898	0.000000
281474976710655.000000	1.103362	1899	0.000000
281474976710655.000000	1.075843	1900	0.000000
281474976710655.000000	1.053429	1901	0.000000
281474976710655.000000	1.047089	1902	0.000000
281474976710655.000000	1.007515	1903	0.000000
281474976710655.000000	1.035668	1904	0.000000
281474976710655.000000	1.079737	1905	0.000000
281474976710655.000000	1.043678	1906	0.000000
281474976710655.000000	1.114197	1907	0.000000
281474976710655.000000	1.065356	1908	0.000000
281474976710655.000000	1.060802	1909	0.000000
281474976710655.000000	1.056914	1910	0.000000
281474976710655.000000	1.078904	1911	0.000000
281474976710655.000000	1.075283	1912	0.000000
281474976710655.000000	1.032601	1913	0.000000
281474976710655.000000	1.078401	1914	0.000000
281474976710655.000000	1.067813	1915	0.000000
281474976710655.000000	1.143365	1916	0.000000
281474976710655.000000	1.025220	1917	0.000000
281474976710655.000000	1.056845	1918	0.000000
281474976710655.000000	1.080379	1919	0.000000
281474976710655.000000	1.061120	1920	0.000000
281474976710655.000000	1.087773	1921	0.000000
281474976710655.000000	1.131298	1922	0.000000
281474976710655.000000	1.071117	1923	0.000000
281474976710655.000000	1.044497	1924	0.000000
281474976710655.000000	1.066792	1925	0.000000
281474976710655.000000	1.062889	1926	0.000000
281474976710655.000000	1.005603	1927	0.000000
281474976710655.000000	1.073735	1928	0.000000
281474976710655.000000	1.071587	1929	0.000000
281474976710655.000000	1.067354	1930	0.000000
281474976710655.000000	1.078486	1931	0.000000
281474976710655.000000	1.093581	1932	0.000000
281474976710655.000000	1.061762	1933	0.000000
281474976710655.000000	1.065583	1934	0.000000
281474976710655.000000	1.043290	1935	0.000000
281474976710655.000000	1.019180	1936	0.000000
281474976710655.000000	1.091740	1937	0.000000
281474976710655.000000	1.062255	1938	0.000000
281474976710655.000000	1.119479	1939	0.000000
281474976710655.000000	1.070610	1940	0.000000
281474976710655.000000	1.092142	1941	0.000000
281474976710655.000000	1.066551	1942	0.000000
281474976710655.000000	1.026529	1943	0.000000
281474976710655.000000	1.088836	1944	0.000000
281474976710655.000000	1.032888	1945	0.000000
281474976710655.000000	1.058019	1946	0.000000
281474976710655.000000	1.062700	1947	0.000000
281474976710655.000000	1.069220	1948	0.000000
281474976710655.000000	1.085750	1949	0.000000
281474976710655.000000	0.965108	1950	0.000000
281474976710655.000000	1.039970	1951	0.000000
281474976710655.000000	1.074270	1952	0.000000
281474976710655.000000	1.033749	1953	0.000000
281474976710655.000000	1.019154	1954	0.000000
281474976710655.000000	1.101195	1955	0.000000
281474976710655.000000	1.086548	1956	0.000000
281474976710655.000000	1.034157	1957	0.000000
281474976710655.000000	1.041098	1958	0.000000
281474976710655.000000	1.065510	1959	0.000000
281474976710655.000000	1.063547	1960	0.000000
281474976710655.000000	1.036512	1961	0.000000
281474976710655.000000	1.087545	1962	0.000000
281474976710655.000000	1.111340	1963	0.000000
281474976710655.000000	1.090822	1964	0.000000
281474976710655.000000	1.008947	1965	0.000000
281474976710655.000000	1.128696	1966	0.000000
281474976710655.000000	0.977248	1967	0.000000
281474976710655.000000	1.099095	1968	0.000000
281474976710655.000000	1.013288	1969	0.000000
281474976710655.000000	1.061308	1970	0.000000
281474976710655.000000	1.023050	1971	0.000000
281474976710655.000000	1.043389	1972	0.000000
281474976710655.000000	1.073315	1973	0.000000
281474976710655.000000	1.082580	1974	0.000000
281474976710655.000000	1.078168	1975	0.000000
281474976710655.000000	1.070721	1976	0.000000
281474976710655.000000	1.075922	1977	0.000000
281474976710655.000000	1.073697	1978	0.000000
281474976710655.000000	1.055965	1979	0.000000
281474976710655.000000	1.060495	1980	0.000000
281474976710655.000000	1.060277	1981	0.000000
281474976710655.000000	1.072272	1982	0.000000
281474976710655.000000	1.038483	1983	0.000000
281474976710655.000000	1.074018	1984	0.000000
281474976710655.000000	1.127002	1985	0.000000
281474976710655.000000	1.029450	1986	0.000000
281474976710655.000000	1.013769	1987	0.000000
281474976710655.000000	1.071137	1988	0.000000
281474976710655.000000	1.023362	1989	0.000000
281474976710655.000000	1.030435	1990	0.000000
281474976710655.000000	1.042542	1991	0.000000
281474976710655.000000	1.002841	1992	0.000000
281474976710655.000000	1.043919	1993	0.000000
281474976710655.000000	1.073163	1994	0.000000
281474976710655.000000	1.081524	1995	0.000000
281474976710655.000000	0.975877	1996	0.000000
281474976710655.000000	1.015040	1997	0.000000
281474976710655.000000	1.022635	1998	0.000000
281474976710655.000000	1.101384	1999	0.000000
281474976710655.000000	1.030133	2000	0.000000
281474976710655.000000	1.088611	2001	0.000000
281474976710655.000000	1.100735	2002	0.000000
281474976710655.000000	1.066843	2003	0.000000
281474976710655.000000	1.014741	2004	0.000000
281474976710655.000000	1.012022	2005	0.000000
281474976710655.000000	1.116284	2006	0.000000
281474976710655.000000	1.096283	2007	0.000000
281474976710655.000000	1.071657	2008	0.000000
281474976710655.000000	1.064469	2009	0.000000
281474976710655.000000	1.062985	2010	0.000000
281474976710655.000000	1.078436	2011	0.000000
281474976710655.000000	1.067346	2012	0.000000
281474976710655.000000	1.050180	2013	0.000000
281474976710655.000000	1.053305	2014	0.000000
281474976710655.000000	1.121504	2015	0.000000
281474976710655.000000	1.080146	2016	0.000000
281474976710655.000000	1.023141	2017	0.000000
281474976710655.000000	1.048314	2018	0.000000
281474976710655.000000	1.040975	2019	0.000000
281474976710655.000000	1.128580	2020	0.000000
281474976710655.000000	1.057503	2021	0.000000
281474976710655.000000	1.004914	2022	0.000000
281474976710655.000000	1.078448	2023	0.000000
281474976710655.000000	1.088684	2024	0.000000
281474976710655.000000	1.023989	2025	0.000000
281474976710655.000000	1.056289	2026	0.000000
281474976710655.000000	1.044228	2027	0.000000
281474976710655.000000	0.999636	2028	0.000000
281474976710655.000000	1.005422	2029	0.000000
281474976710655.000000	1.046047	2030	0.000000
281474976710655.000000	1.075379	2031	0.000000
