time (s)	det(V)
6976.297589	0.016832	
6976.299590	0.019631	
6976.301589	0.024690	
6976.305590	0.023112	
6976.307590	0.023933	
6976.309589	0.025365	
6976.311590	0.021652	
6976.313590	0.029925	
6976.317588	0.031520	
6976.321589	0.030100	
6976.323590	0.032207	
6976.325590	0.029115	
6976.327589	0.030211	
6976.329590	0.036420	
6976.331589	0.034678	
6976.335589	0.036304	
6976.337589	0.039880	
6976.339590	0.034236	
6976.343590	0.036568	
6976.345591	0.042911	
6976.347590	0.047376	
6976.349590	0.046075	
6976.351590	0.053870	
6976.353590	0.051867	
6976.357590	0.042078	
6976.361589	0.044496	
6976.363590	0.050191	
6976.365589	0.051808	
6976.367589	0.054461	
6976.369590	0.057913	
6976.373588	0.049949	
6976.375590	0.055576	
6976.377590	0.059051	
6976.379590	0.059392	
6976.381591	0.062881	
6976.383596	0.066358	
6976.385589	0.068779	
6976.387589	0.067459	
6976.389590	0.072282	
6976.391590	0.069128	
6976.393590	0.068006	
6976.395590	0.067007	
6976.399589	0.075098	
6976.401590	0.074530	
6976.403590	0.084466	
6976.405590	0.076220	
6976.407589	0.080592	
6976.409590	0.081353	
6976.413589	0.086169	
6976.415589	0.088549	
6976.417590	0.091658	
6976.421590	0.094082	
6976.423590	0.095492	
6976.425590	0.089468	
6976.427590	0.098413	
6976.429590	0.108902	
6976.433589	0.104315	
6976.435590	0.111145	
6976.439590	0.107005	
6976.441588	0.107103	
6976.443590	0.111578	
6976.445590	0.113754	
6976.447590	0.120800	
6976.451589	0.121477	
6976.453591	0.117593	
6976.455589	0.121762	
6976.459590	0.126158	
6976.461590	0.128186	
6976.463589	0.130270	
6976.465590	0.132499	
6976.467590	0.134849	
6976.469590	0.144033	
6976.473589	0.139851	
6976.477590	0.140088	
6976.479590	0.148923	
6976.481590	0.154438	
6976.483589	0.149741	
6976.485590	0.152803	
6976.489589	0.155048	
6976.491589	0.151580	
6976.493589	0.150861	
6976.497590	0.158719	
6976.499589	0.162839	
6976.501590	0.167665	
6976.503589	0.163085	
6976.505590	0.160580	
6976.507590	0.169137	
6976.511589	0.161002	
6976.515590	0.170158	
6976.517590	0.179381	
6976.519589	0.170729	
6976.521589	0.171015	
6976.523590	0.174008	
6976.527589	0.177632	
6976.529590	0.166446	
6976.531590	0.177583	
6976.533590	0.173830	
6976.535592	0.178499	
6976.537592	0.174267	
6976.539590	0.167717	
6976.541589	0.176439	
6976.543589	0.166914	
6976.545591	0.170814	
6976.547590	0.172155	
6976.549591	0.170235	
6976.553589	0.171724	
6976.555590	0.164417	
6976.557589	0.171570	
6976.559590	0.164569	
6976.561590	0.166119	
6976.563590	0.173262	
6976.567589	0.161949	
6976.569590	0.158857	
6976.571590	0.149478	
6976.575590	0.155899	
6976.577590	0.155930	
6976.579590	0.155962	
6976.581590	0.153900	
6976.583590	0.153412	
6976.587588	0.143751	
6976.591588	0.133945	
6976.593590	0.124206	
6976.595590	0.128644	
6976.597590	0.126403	
6976.599590	0.123090	
6976.601590	0.118126	
6976.605588	0.112413	
6976.607589	0.098663	
6976.609589	0.101382	
6976.613590	0.099062	
6976.615589	0.101185	
6976.617589	0.098350	
6976.619589	0.085183	
6976.621590	0.079574	
6976.623590	0.070059	
6976.627590	0.063375	
6976.631590	0.061129	
6976.633590	0.051978	
6976.635589	0.056730	
6976.637590	0.041891	
6976.639590	0.040967	
6976.643589	0.042257	
6976.645590	0.030680	
6976.647590	0.023640	
6976.651591	0.019064	
6976.653590	0.010181	
6976.655590	0.004456	
6976.657590	0.003573	
6976.659590	-0.008914	
6976.661590	-0.010602	
6976.665591	-0.011284	
6976.669590	-0.023254	
6976.671589	-0.040410	
6976.673591	-0.041201	
6976.675589	-0.035667	
6976.677589	-0.050801	
6976.681589	-0.052341	
6976.683589	-0.062575	
6976.685589	-0.063098	
6976.687589	-0.071371	
6976.689590	-0.075796	
6976.691590	-0.073920	
6976.693590	-0.079669	
6976.695589	-0.080218	
6976.697589	-0.088875	
6976.699590	-0.087217	
6976.701589	-0.089502	
6976.703591	-0.103518	
6976.707590	-0.103473	
6976.709590	-0.112433	
6976.711590	-0.109807	
6976.713590	-0.114459	
6976.715589	-0.116179	
6976.717590	-0.123928	
6976.719589	-0.124221	
6976.721589	-0.129444	
6976.723589	-0.129451	
6976.725590	-0.134753	
6976.727590	-0.139964	
6976.731590	-0.135359	
6976.733589	-0.137588	
6976.735590	-0.140715	
6976.737590	-0.138963	
6976.739590	-0.149537	
6976.743589	-0.147892	
6976.745590	-0.151726	
6976.747590	-0.157937	
6976.751590	-0.158470	
6976.753590	-0.149454	
6976.755589	-0.156918	
6976.757589	-0.151680	
6976.759589	-0.158399	
6976.761589	-0.157754	
6976.765590	-0.160139	
6976.769590	-0.159887	
6976.771590	-0.163958	
6976.773590	-0.161066	
6976.775589	-0.165203	
6976.777590	-0.161569	
6976.781589	-0.161819	
6976.783589	-0.162856	
6976.785590	-0.159968	
6976.787589	-0.163210	
6976.789591	-0.164489	
6976.791589	-0.159970	
6976.793590	-0.165245	
6976.795590	-0.160022	
6976.797590	-0.152067	
6976.799590	-0.157228	
6976.801590	-0.152074	
6976.803590	-0.156169	
6976.807590	-0.157380	
6976.809590	-0.158135	
6976.811589	-0.151631	
6976.813590	-0.147355	
6976.815589	-0.142584	
6976.817590	-0.144077	
6976.821588	-0.142464	
6976.823589	-0.145771	
6976.825590	-0.145076	
6976.829590	-0.145163	
6976.831590	-0.137192	
6976.833591	-0.130877	
6976.835590	-0.138909	
6976.837589	-0.135291	
6976.841588	-0.138082	
6976.843590	-0.136946	
6976.847590	-0.127406	
6976.849589	-0.123584	
6976.851590	-0.117341	
6976.853590	-0.120606	
6976.855589	-0.119777	
6976.859589	-0.117530	
6976.861590	-0.116331	
6976.863590	-0.111261	
6976.867590	-0.113788	
6976.869589	-0.106509	
6976.871590	-0.110235	
6976.873590	-0.110989	
6976.875589	-0.111077	
6976.877590	-0.106773	
6976.881590	-0.098662	
6976.885590	-0.095332	
6976.887589	-0.089878	
6976.889590	-0.091517	
6976.891590	-0.091885	
6976.893590	-0.084275	
6976.897590	-0.082273	
6976.899590	-0.081184	
6976.901590	-0.077741	
6976.905590	-0.076088	
6976.907589	-0.082254	
6976.909589	-0.074134	
6976.911589	-0.079528	
6976.913590	-0.065037	
6976.915591	-0.063421	
6976.919589	-0.075525	
6976.923590	-0.066180	
6976.925590	-0.060527	
6976.927591	-0.064628	
6976.929590	-0.064602	
6976.931590	-0.059676	
6976.935589	-0.056561	
6976.937589	-0.057811	
6976.939590	-0.059986	
6976.941590	-0.062070	
6976.943590	-0.052684	
6976.945590	-0.046188	
6976.947590	-0.047770	
6976.949590	-0.048519	
6976.951589	-0.047802	
6976.953589	-0.054553	
6976.955589	-0.053012	
6976.957589	-0.047208	
6976.961590	-0.053645	
6976.963590	-0.042475	
6976.965589	-0.039644	
6976.967589	-0.035868	
6976.969591	-0.034927	
6976.971590	-0.039775	
6976.973589	-0.044847	
6976.975589	-0.040515	
6976.977590	-0.043560	
6976.979590	-0.029270	
6976.981589	-0.042256	
6976.985590	-0.035938	
6976.987590	-0.041266	
6976.989591	-0.036634	
6976.991590	-0.033280	
6976.993589	-0.036555	
6976.997590	-0.034514	
6976.999589	-0.031240	
6977.001590	-0.024871	
6977.005590	-0.028473	
6977.007590	-0.031989	
6977.009590	-0.028705	
6977.011589	-0.027304	
6977.013590	-0.027200	
6977.015589	-0.024357	
6977.019589	-0.024727	
6977.023590	-0.022931	
6977.025590	-0.030415	
6977.027591	-0.022606	
6977.029590	-0.018177	
6977.031590	-0.019467	
6977.035589	-0.011769	
6977.037590	-0.022069	
6977.039591	-0.029328	
6977.043590	-0.020390	
6977.045591	-0.016555	
6977.047590	-0.011249	
6977.049590	-0.017931	
6977.051592	-0.008777	
6977.053588	-0.008278	
6977.057588	-0.017798	
6977.061590	-0.016238	
6977.063589	-0.015254	
6977.065590	-0.020583	
6977.067589	-0.008952	
6977.069590	-0.008505	
6977.073588	-0.008381	
6977.075590	-0.015261	
6977.077590	-0.014047	
6977.079589	-0.010778	
6977.081593	-0.012422	
6977.083590	-0.003476	
6977.085589	-0.003561	
6977.087590	-0.008416	
6977.089590	-0.010705	
6977.091590	-0.005344	
6977.093589	-0.012884	
6977.095591	-0.011308	
6977.099588	-0.006201	
6977.101590	-0.007433	
6977.103590	-0.010921	
6977.105588	-0.014353	
6977.107590	-0.011187	
6977.109590	-0.008111	
6977.111590	-0.003370	
6977.113589	-0.010227	
6977.115590	-0.006927	
6977.117590	-0.002530	
6977.119588	-0.001280	
6977.123590	-0.007598	
6977.125590	-0.007653	
6977.127590	-0.005245	
6977.129590	-0.004285	
6977.131590	-0.002723	
6977.135589	0.002855	
6977.137589	-0.007120	
6977.139590	-0.003764	
6977.143590	0.000956	
6977.145589	-0.001276	
6977.147589	-0.004639	
6977.149590	-0.006293	
6977.151589	-0.000788	
6977.153590	-0.006578	
6977.157590	0.000951	
6977.161590	0.000642	
6977.163590	0.000903	
6977.165590	0.007552	
6977.167590	0.012530	
6977.169589	0.002620	
6977.173588	0.000143	
6977.175590	-0.005944	
6977.177590	0.001206	
6977.179590	0.002512	
6977.181591	0.001534	
6977.183591	0.005966	
6977.185588	0.012993	
6977.187590	0.005546	
6977.189589	-0.001366	
6977.191590	0.004865	
6977.193593	0.002624	
6977.195589	0.005063	
6977.199589	0.002502	
6977.201590	0.011952	
6977.203589	0.009494	
6977.205591	0.006472	
6977.207591	0.002946	
6977.209589	0.001631	
6977.213589	0.002469	
6977.215590	0.000650	
6977.217589	0.011298	
6977.221590	0.009810	
6977.223590	0.015546	
6977.225589	0.010118	
6977.227590	0.012992	
6977.229591	0.017735	
6977.233589	0.013701	
6977.235589	0.013295	
6977.239590	0.009422	
6977.241589	0.011429	
6977.243589	0.015916	
6977.245590	0.006238	
6977.247590	0.017241	
6977.251589	0.018000	
6977.253589	0.010806	
6977.255589	0.011838	
6977.259590	0.010941	
6977.261590	0.017097	
6977.263590	0.010791	
6977.265590	0.015525	
6977.267590	0.021030	
6977.269589	0.018822	
6977.273590	0.019135	
6977.277591	0.016082	
6977.279591	0.022327	
6977.281590	0.022835	
6977.283590	0.017776	
6977.285589	0.025904	
6977.289589	0.027612	
6977.291589	0.020117	
6977.293590	0.016914	
6977.297590	0.026582	
6977.299589	0.031531	
6977.301589	0.025244	
6977.303590	0.033368	
6977.305590	0.026319	
6977.307590	0.024034	
6977.311589	0.021772	
6977.315590	0.029032	
6977.317592	0.026602	
6977.319589	0.037374	
6977.321593	0.039689	
6977.323590	0.034371	
6977.327589	0.032346	
6977.329590	0.034591	
6977.331590	0.034035	
6977.333590	0.042010	
6977.335590	0.042182	
6977.337592	0.035607	
6977.339590	0.040922	
6977.341590	0.047667	
6977.343590	0.033303	
6977.345589	0.052273	
6977.347589	0.041772	
6977.349589	0.048650	
6977.353590	0.049556	
6977.355590	0.045227	
6977.357590	0.050300	
6977.359590	0.043342	
6977.361589	0.049354	
6977.363589	0.053757	
6977.367589	0.058506	
6977.369589	0.061655	
6977.371589	0.055957	
6977.375590	0.060457	
6977.377592	0.064452	
6977.379589	0.072936	
6977.381589	0.068916	
6977.383590	0.076161	
6977.387589	0.071385	
6977.389590	0.069148	
6977.393590	0.070096	
6977.395590	0.079332	
6977.397589	0.077455	
6977.399589	0.077626	
6977.401589	0.086111	
6977.405589	0.083988	
6977.407590	0.083835	
6977.409590	0.082239	
6977.413590	0.089135	
6977.415589	0.096316	
6977.417590	0.097246	
6977.419589	0.095184	
6977.421589	0.093262	
6977.425588	0.100723	
6977.427589	0.103659	
6977.431590	0.114157	
6977.433591	0.109430	
6977.435589	0.113936	
6977.437590	0.116889	
6977.439590	0.119252	
6977.443588	0.116366	
6977.445589	0.119534	
6977.447590	0.122894	
6977.451591	0.125108	
6977.453591	0.134200	
6977.455590	0.125245	
6977.457589	0.131783	
6977.459589	0.129778	
6977.461589	0.136196	
6977.465590	0.140604	
6977.469590	0.140781	
6977.471589	0.140994	
6977.473590	0.149598	
6977.475590	0.150285	
6977.477589	0.150195	
6977.481589	0.153313	
6977.483590	0.157912	
6977.485588	0.166215	
6977.487589	0.160363	
6977.489591	0.160863	
6977.491590	0.161453	
6977.493590	0.168742	
6977.495590	0.166807	
6977.497589	0.170285	
6977.499589	0.172801	
6977.501590	0.173953	
6977.503589	0.175710	
6977.505590	0.171594	
6977.509590	0.176534	
6977.511589	0.179993	
6977.513590	0.175243	
6977.515590	0.176772	
6977.517590	0.181534	
6977.521588	0.185943	
6977.523590	0.183550	
6977.525590	0.182021	
6977.529590	0.181864	
6977.531589	0.184126	
6977.533589	0.188836	
6977.535590	0.190935	
6977.537590	0.183846	
6977.541589	0.177079	
6977.543589	0.183042	
6977.547590	0.190599	
6977.549590	0.185864	
6977.551590	0.185005	
6977.553590	0.181729	
6977.555590	0.185724	
6977.559588	0.185898	
6977.561589	0.175996	
6977.563591	0.179102	
6977.567590	0.175409	
6977.569593	0.177830	
6977.571589	0.177149	
6977.573590	0.169998	
6977.575590	0.171534	
6977.577590	0.164198	
6977.581590	0.165023	
6977.585590	0.160593	
6977.587590	0.156805	
6977.589591	0.159186	
6977.591590	0.148917	
6977.593590	0.147626	
6977.597588	0.142813	
6977.599589	0.136895	
6977.601590	0.137762	
6977.603589	0.129873	
6977.605591	0.124983	
6977.607590	0.130205	
6977.609590	0.118143	
6977.611590	0.112930	
6977.613590	0.118918	
6977.615591	0.109588	
6977.617590	0.111590	
6977.619590	0.099655	
6977.623589	0.091724	
6977.625590	0.075808	
6977.627590	0.072017	
6977.629589	0.077108	
6977.631590	0.075845	
6977.633589	0.069121	
6977.635589	0.070175	
6977.637590	0.058467	
6977.639589	0.048509	
6977.641589	0.045737	
6977.643589	0.037885	
6977.647590	0.037002	
6977.649589	0.028671	
6977.651590	0.024094	
6977.653590	0.020360	
6977.655589	0.012543	
6977.659589	0.006937	
6977.661589	-0.010050	
6977.663590	-0.014166	
6977.667590	-0.020833	
6977.669589	-0.023762	
6977.671590	-0.036610	
6977.673590	-0.035840	
6977.675589	-0.044281	
6977.677589	-0.044400	
6977.681591	-0.051925	
6977.685590	-0.060505	
6977.687590	-0.073376	
6977.689589	-0.080178	
6977.691590	-0.084388	
6977.693590	-0.090224	
6977.697588	-0.088327	
6977.699590	-0.102154	
6977.701590	-0.104390	
6977.705591	-0.110822	
6977.707590	-0.123256	
6977.709590	-0.126068	
6977.711590	-0.128996	
6977.713590	-0.126495	
6977.715590	-0.132487	
6977.719589	-0.136968	
6977.723590	-0.148527	
6977.725590	-0.152130	
6977.727590	-0.160594	
6977.729591	-0.157439	
6977.731590	-0.161667	
6977.735588	-0.159710	
6977.737590	-0.173959	
6977.739588	-0.177632	
6977.741588	-0.185243	
6977.743591	-0.188619	
6977.745590	-0.179515	
6977.747590	-0.183077	
6977.749591	-0.184952	
6977.751590	-0.182371	
6977.753589	-0.187144	
6977.755589	-0.191894	
6977.757591	-0.188996	
6977.761589	-0.198127	
6977.763590	-0.192122	
6977.765590	-0.192777	
6977.767590	-0.195046	
6977.769589	-0.203701	
6977.771589	-0.200109	
6977.773589	-0.199449	
6977.775590	-0.198170	
6977.777589	-0.208114	
6977.779589	-0.201620	
6977.781590	-0.195497	
6977.785590	-0.196421	
6977.787590	-0.203415	
6977.789590	-0.199608	
6977.791589	-0.204563	
6977.793590	-0.206412	
6977.797588	-0.202062	
6977.799590	-0.195840	
6977.801591	-0.194991	
6977.803591	-0.194577	
6977.805591	-0.200011	
6977.807590	-0.191084	
6977.809589	-0.194786	
6977.811590	-0.194326	
6977.813590	-0.187394	
6977.815590	-0.179384	
6977.817590	-0.187520	
6977.821590	-0.190655	
6977.823589	-0.185299	
6977.825590	-0.181959	
6977.827590	-0.172993	
6977.829589	-0.172835	
6977.831590	-0.177989	
6977.833589	-0.177875	
6977.835590	-0.166846	
6977.837591	-0.171584	
6977.839590	-0.169799	
6977.841591	-0.165366	
6977.845590	-0.169470	
6977.847590	-0.152353	
6977.849590	-0.155992	
6977.851590	-0.151410	
6977.853590	-0.155581	
6977.857588	-0.149593	
6977.859590	-0.149815	
6977.861589	-0.144672	
6977.865590	-0.141136	
6977.867592	-0.136713	
6977.869590	-0.131636	
6977.871590	-0.135563	
6977.873590	-0.134973	
6977.875590	-0.128935	
6977.879590	-0.126450	
6977.883590	-0.122105	
6977.885589	-0.114746	
6977.887590	-0.120864	
6977.889590	-0.113611	
6977.891589	-0.115413	
6977.895589	-0.113291	
6977.897590	-0.110307	
6977.899590	-0.108573	
6977.903590	-0.106853	
6977.905590	-0.100382	
6977.907588	-0.100385	
6977.909590	-0.099046	
6977.911590	-0.093466	
6977.913590	-0.087271	
6977.917591	-0.095194	
6977.921591	-0.079706	
6977.923590	-0.079994	
6977.925589	-0.085029	
6977.927589	-0.082141	
6977.929590	-0.071840	
6977.933588	-0.075107	
6977.935590	-0.065843	
6977.937590	-0.077074	
6977.939589	-0.066914	
6977.941591	-0.064741	
6977.943590	-0.072310	
6977.945589	-0.063285	
6977.947590	-0.067344	
6977.949590	-0.062165	
6977.951590	-0.059744	
6977.953589	-0.063961	
6977.955588	-0.065224	
6977.959589	-0.063028	
6977.961590	-0.057299	
6977.963589	-0.052903	
6977.965589	-0.044695	
6977.967589	-0.051300	
6977.969590	-0.046057	
6977.971590	-0.053415	
6977.973589	-0.049986	
6977.975590	-0.043746	
6977.977590	-0.048512	
6977.979589	-0.047887	
6977.983590	-0.041930	
6977.985589	-0.034353	
6977.987590	-0.039484	
6977.989590	-0.042193	
6977.991589	-0.044146	
6977.995589	-0.043654	
6977.997590	-0.035235	
6977.999589	-0.040203	
6978.003590	-0.031155	
6978.005591	-0.034439	
6978.007590	-0.031207	
6978.009590	-0.032734	
6978.011590	-0.030628	
6978.013589	-0.022736	
6978.017589	-0.033046	
6978.021590	-0.021448	
6978.023590	-0.019857	
6978.025591	-0.031251	
6978.027591	-0.023446	
6978.029589	-0.019994	
6978.033588	-0.025085	
6978.035589	-0.022099	
6978.037590	-0.017334	
6978.039589	-0.024695	
6978.041590	-0.020898	
6978.043591	-0.018275	
6978.045590	-0.017541	
6978.047589	-0.019695	
6978.049588	-0.012528	
6978.051589	-0.018046	
6978.053591	-0.018062	
6978.055590	-0.020109	
6978.059590	-0.017935	
6978.061590	-0.018610	
6978.063589	-0.010137	
6978.065589	-0.010249	
6978.067590	-0.004046	
6978.069590	-0.009614	
6978.071589	-0.013121	
6978.073589	-0.008868	
6978.075590	-0.017214	
6978.077589	-0.015107	
6978.079590	-0.015189	
6978.083590	-0.015730	
6978.085589	-0.005284	
6978.087589	-0.012558	
6978.089589	-0.011817	
6978.091590	-0.015421	
6978.095589	-0.005613	
6978.097589	-0.003223	
6978.099590	-0.001374	
6978.103590	-0.000307	
6978.105591	-0.007210	
6978.107589	-0.005573	
6978.109590	-0.008975	
6978.111590	-0.007274	
6978.113598	-0.000597	
6978.117590	0.002632	
6978.121590	-0.008697	
6978.123590	-0.005212	
6978.125590	-0.005095	
6978.127590	-0.006837	
6978.129589	-0.002242	
6978.133588	-0.008332	
6978.135590	0.000057	
6978.137590	-0.006663	
6978.139590	-0.010357	
6978.141590	-0.009696	
6978.143591	-0.012665	
6978.145591	-0.009889	
6978.147590	0.000671	
6978.149590	-0.000173	
6978.151590	0.002254	
6978.153589	-0.002122	
6978.155589	-0.003595	
6978.159589	-0.010890	
6978.161590	0.001280	
6978.163590	-0.003633	
6978.165590	0.000764	
6978.167590	0.001832	
6978.169589	0.000950	
6978.171589	-0.000898	
6978.173590	0.001424	
6978.175590	-0.003295	
6978.177590	-0.003761	
6978.179590	-0.001216	
6978.183590	-0.001102	
6978.185590	0.004584	
6978.187589	0.000113	
6978.189590	-0.007952	
6978.191590	0.002333	
6978.195589	-0.001157	
6978.197589	0.003095	
6978.199590	-0.004187	
6978.203590	0.000208	
6978.205590	0.004035	
6978.207589	0.003930	
6978.209590	-0.003305	
6978.211589	-0.003885	
6978.213590	-0.000233	
6978.217589	0.003437	
6978.221590	0.002623	
6978.223591	-0.001540	
6978.225589	-0.001657	
6978.227590	0.000496	
6978.229590	0.006917	
6978.233589	0.005476	
6978.235589	0.001609	
6978.237589	0.005446	
6978.241590	0.006491	
6978.243590	0.002004	
6978.245590	0.006598	
6978.247590	0.006479	
6978.249590	0.001696	
6978.251590	0.013763	
6978.255589	0.004846	
6978.259590	0.008340	
6978.261590	0.011180	
6978.263590	0.009811	
6978.265589	0.005725	
6978.267589	0.012557	
6978.271589	0.009005	
6978.273590	0.010196	
6978.275590	-0.001408	
6978.277589	0.003279	
6978.279591	0.006773	
6978.281590	0.012380	
6978.283589	0.009126	
6978.285590	0.014856	
6978.287590	0.011997	
6978.289592	0.013216	
6978.291589	0.012451	
6978.295589	0.006040	
6978.297589	0.007053	
6978.299590	0.012257	
6978.301590	0.020842	
6978.303590	0.012498	
6978.305590	0.009080	
6978.307590	0.011965	
6978.309591	0.004850	
6978.311589	0.003967	
6978.313590	0.017845	
6978.315590	0.008590	
6978.319590	0.009854	
6978.321590	0.013902	
6978.323590	0.014644	
6978.325590	0.017536	
6978.327589	0.020088	
6978.331588	0.018851	
6978.333589	0.018203	
6978.335589	0.025768	
6978.339589	0.019505	
6978.341590	0.016585	
6978.343592	0.012980	
6978.345590	0.014924	
6978.347589	0.018709	
6978.351590	0.019818	
6978.353590	0.025852	
6978.357590	0.019704	
6978.359589	0.023927	
6978.361590	0.024852	
6978.363589	0.026208	
6978.365590	0.022966	
6978.369588	0.035031	
6978.371590	0.030918	
6978.373589	0.031342	
6978.377591	0.019268	
6978.379590	0.030200	
6978.381589	0.039413	
6978.383590	0.030552	
6978.385590	0.035805	
6978.387590	0.035792	
6978.391589	0.035792	
6978.395590	0.030287	
6978.397589	0.045809	
6978.399590	0.041626	
6978.401589	0.041235	
6978.403590	0.041562	
6978.407589	0.042732	
6978.409590	0.043438	
6978.411590	0.042402	
6978.413590	0.045891	
6978.415592	0.042396	
6978.417590	0.047735	
6978.419590	0.045172	
6978.421590	0.049863	
6978.423590	0.058517	
6978.425590	0.047605	
6978.427591	0.054734	
6978.429590	0.054681	
6978.433590	0.057576	
6978.435590	0.065814	
6978.437589	0.059743	
6978.439589	0.065520	
6978.441591	0.069839	
6978.443590	0.068768	
6978.445590	0.073945	
6978.447590	0.065288	
6978.449589	0.067230	
6978.451588	0.073234	
6978.453590	0.073320	
6978.457590	0.068228	
6978.459590	0.069472	
6978.461591	0.082711	
6978.463589	0.086575	
6978.465590	0.081560	
6978.469588	0.086346	
6978.471590	0.081879	
6978.473590	0.088191	
6978.475590	0.089847	
6978.477590	0.095144	
6978.479590	0.096071	
6978.481590	0.100666	
6978.483590	0.096169	
6978.485590	0.098170	
6978.487590	0.102800	
6978.489589	0.102474	
6978.491588	0.101338	
6978.495589	0.107490	
6978.497590	0.111242	
6978.499589	0.110993	
6978.501591	0.120162	
6978.503590	0.117475	
6978.505590	0.112179	
6978.507590	0.113808	
6978.509589	0.113858	
6978.511590	0.123107	
6978.513590	0.130527	
6978.515589	0.129152	
6978.519590	0.133363	
6978.521589	0.136120	
6978.523589	0.138922	
6978.525590	0.136025	
6978.527590	0.139585	
6978.531589	0.137315	
6978.533589	0.143147	
6978.535590	0.151640	
6978.539590	0.149361	
6978.541590	0.147739	
6978.543590	0.153370	
6978.545590	0.154396	
6978.547590	0.157039	
6978.549589	0.158615	
6978.553589	0.159527	
6978.557590	0.160071	
6978.559590	0.160440	
6978.561590	0.170413	
6978.563590	0.168126	
6978.565590	0.167153	
6978.569588	0.175210	
6978.571590	0.168431	
6978.573591	0.172314	
6978.575590	0.168190	
6978.577590	0.166186	
6978.579590	0.174953	
6978.581590	0.178157	
6978.583589	0.172478	
6978.585590	0.175866	
6978.587589	0.177348	
6978.589591	0.172291	
6978.591589	0.173097	
6978.595589	0.173005	
6978.597590	0.182597	
6978.599589	0.182254	
6978.601590	0.181101	
6978.603589	0.180554	
6978.605589	0.173632	
6978.609588	0.177545	
6978.611590	0.170224	
6978.613589	0.169696	
6978.617590	0.168617	
6978.619590	0.175342	
6978.621590	0.168671	
6978.623590	0.164241	
6978.625590	0.164845	
6978.627589	0.161341	
6978.631588	0.160403	
6978.635590	0.155452	
6978.637591	0.149395	
6978.639590	0.153734	
6978.641589	0.147929	
6978.643589	0.143920	
6978.647589	0.143504	
6978.649589	0.136033	
6978.651590	0.133604	
6978.655590	0.129002	
6978.657590	0.121113	
6978.659590	0.122730	
6978.661589	0.116752	
6978.663591	0.123656	
6978.665590	0.104775	
6978.669589	0.107236	
6978.673590	0.094141	
6978.675589	0.089103	
6978.677589	0.087673	
6978.679589	0.080277	
6978.681590	0.075875	
6978.685588	0.069058	
6978.687590	0.063673	
6978.689589	0.058543	
6978.691589	0.054163	
6978.693590	0.050114	
6978.695590	0.052283	
6978.697591	0.040451	
6978.699589	0.037443	
6978.701590	0.037411	
6978.703590	0.033422	
6978.705590	0.020322	
6978.707590	0.015258	
6978.711589	0.010727	
6978.713590	0.006853	
6978.715589	0.003670	
6978.717590	-0.005482	
6978.719589	-0.000855	
6978.721589	-0.018730	
6978.725589	-0.026247	
6978.727589	-0.028480	
6978.729590	-0.031823	
6978.733590	-0.035795	
6978.735589	-0.049688	
6978.737588	-0.050857	
6978.739589	-0.051606	
6978.741590	-0.052726	
6978.745589	-0.065834	
6978.747590	-0.068974	
6978.751590	-0.074482	
6978.753590	-0.077398	
6978.755590	-0.087006	
6978.757589	-0.093255	
6978.759588	-0.095145	
6978.763589	-0.099280	
6978.765590	-0.106517	
6978.767591	-0.107947	
6978.771590	-0.110630	
6978.773590	-0.118202	
6978.775590	-0.127088	
6978.777589	-0.127970	
6978.779590	-0.128819	
6978.781590	-0.132355	
6978.785589	-0.132124	
6978.789590	-0.145872	
6978.791589	-0.141498	
6978.793590	-0.148969	
6978.795589	-0.143426	
6978.797589	-0.144663	
6978.801589	-0.151023	
6978.803590	-0.149949	
6978.805590	-0.155121	
6978.807590	-0.158284	
6978.809592	-0.161292	
6978.811590	-0.162108	
6978.813590	-0.155426	
6978.815590	-0.160461	
6978.817590	-0.157084	
6978.819590	-0.159884	
6978.821592	-0.165800	
6978.823590	-0.171567	
6978.827590	-0.167878	
6978.829590	-0.164943	
6978.831590	-0.162401	
6978.833590	-0.156077	
6978.835590	-0.156742	
6978.837590	-0.162930	
6978.841589	-0.164857	
6978.843590	-0.172428	
6978.845590	-0.160337	
6978.849590	-0.162668	
6978.851589	-0.153847	
6978.853589	-0.160519	
6978.855589	-0.168285	
6978.857589	-0.161273	
6978.861588	-0.159623	
6978.863589	-0.150577	
6978.867590	-0.150911	
6978.869591	-0.153288	
6978.871590	-0.154648	
6978.873590	-0.150214	
6978.875591	-0.146521	
6978.879589	-0.148930	
6978.881589	-0.149392	
6978.883590	-0.143646	
6978.887590	-0.143427	
6978.889589	-0.144100	
6978.891590	-0.134396	
6978.893590	-0.137554	
6978.895590	-0.142337	
6978.899589	-0.140459	
6978.901590	-0.133698	
6978.905590	-0.134220	
6978.907590	-0.123601	
6978.909590	-0.126438	
6978.911590	-0.125850	
6978.913589	-0.119088	
6978.917589	-0.121718	
6978.919590	-0.119281	
6978.921590	-0.118340	
6978.925590	-0.115328	
6978.927591	-0.110368	
6978.929590	-0.110565	
6978.931590	-0.107292	
6978.933590	-0.105405	
6978.935589	-0.098194	
6978.939591	-0.104162	
6978.943590	-0.102220	
6978.945590	-0.096406	
6978.947590	-0.098026	
6978.949590	-0.094024	
6978.951590	-0.084278	
6978.955589	-0.093006	
6978.957590	-0.085478	
6978.959589	-0.096253	
6978.963590	-0.086970	
6978.965590	-0.082223	
6978.967591	-0.076427	
6978.969589	-0.073790	
6978.971591	-0.079050	
6978.973589	-0.072586	
6978.977590	-0.073202	
6978.981590	-0.071816	
6978.983590	-0.065945	
6978.985592	-0.060867	
6978.987589	-0.068732	
6978.989589	-0.060901	
6978.993588	-0.062783	
6978.995589	-0.061208	
6978.997590	-0.060109	
6978.999591	-0.059955	
6979.001590	-0.054836	
6979.003590	-0.055774	
6979.005590	-0.055757	
6979.007590	-0.050794	
6979.009589	-0.057053	
6979.011590	-0.049127	
6979.013590	-0.046329	
6979.015590	-0.050226	
6979.019590	-0.041996	
6979.021590	-0.041636	
6979.023590	-0.045019	
6979.025589	-0.045450	
6979.027590	-0.043296	
6979.029589	-0.033399	
6979.031590	-0.037169	
6979.033596	-0.033730	
6979.035589	-0.040091	
6979.037590	-0.043758	
6979.039590	-0.042276	
6979.043590	-0.037621	
6979.045590	-0.033673	
6979.047590	-0.032270	
6979.049590	-0.031897	
6979.051590	-0.024634	
6979.055589	-0.037746	
6979.057590	-0.038816	
6979.059590	-0.032129	
6979.063589	-0.037525	
6979.065589	-0.025569	
6979.067589	-0.029944	
6979.069591	-0.022503	
6979.071590	-0.029818	
6979.073590	-0.023113	
6979.077590	-0.031226	
6979.081590	-0.020870	
6979.083590	-0.025330	
6979.085590	-0.018652	
6979.087590	-0.025379	
6979.089590	-0.027557	
6979.093589	-0.024464	
6979.095590	-0.018470	
6979.097589	-0.020712	
6979.101590	-0.017668	
6979.103590	-0.014312	
6979.105590	-0.017751	
6979.107591	-0.014234	
6979.109589	-0.018551	
6979.111590	-0.017386	
6979.115589	-0.011755	
6979.119590	-0.011908	
6979.121590	-0.015296	
6979.123592	-0.007114	
6979.125589	-0.022170	
6979.127589	-0.020317	
6979.131588	-0.013505	
6979.133590	-0.010970	
6979.135589	-0.011847	
6979.137589	-0.018192	
6979.139591	-0.012831	
6979.141590	-0.010614	
6979.143589	-0.011608	
6979.145589	-0.008142	
6979.147590	-0.004945	
6979.149589	-0.006725	
6979.151589	-0.010730	
6979.153589	-0.016231	
6979.157589	-0.013976	
6979.159590	-0.009478	
6979.161589	-0.007795	
6979.163589	-0.002722	
6979.165590	-0.003089	
6979.167593	-0.000364	
6979.169589	0.001725	
6979.171589	-0.010577	
6979.173590	-0.007542	
6979.175591	-0.010697	
6979.177591	-0.009488	
6979.181590	-0.002218	
6979.183590	-0.003201	
6979.185589	0.006094	
6979.187591	-0.004482	
6979.189590	-0.003922	
6979.193589	-0.007454	
6979.195589	-0.011983	
6979.197589	-0.002293	
6979.201590	-0.001967	
6979.203591	-0.008292	
6979.205590	0.001513	
6979.207590	0.003024	
6979.209590	-0.004492	
6979.211590	0.003120	
6979.215590	0.003121	
6979.219590	-0.000440	
6979.221589	0.000263	
6979.223588	0.004334	
6979.225590	-0.002640	
6979.227590	0.001307	
6979.231589	-0.001806	
6979.233590	0.003702	
6979.235590	0.004352	
6979.237590	0.003482	
6979.239592	-0.001302	
6979.241590	0.002292	
6979.243590	-0.000718	
6979.245590	0.008386	
6979.247590	0.009712	
6979.249591	0.008170	
6979.251589	0.006729	
6979.253589	0.005775	
6979.257588	0.000579	
6979.259590	0.002383	
6979.261590	0.002634	
6979.263590	0.005932	
6979.265590	0.004092	
6979.267590	0.011562	
6979.269590	0.002932	
6979.271591	0.005739	
6979.273589	0.004299	
6979.275590	0.008042	
6979.277590	0.004234	
6979.281590	0.005874	
6979.283590	0.005306	
6979.285590	0.013351	
6979.287589	0.008591	
6979.289590	0.001595	
6979.293589	0.005812	
6979.295590	0.010329	
6979.297590	0.009661	
6979.299595	0.012699	
6979.301590	0.017512	
6979.303590	0.009747	
6979.305590	0.006591	
6979.307590	0.014047	
6979.309590	0.013078	
6979.311590	0.011769	
6979.313591	0.014656	
6979.315588	0.013641	
6979.319591	0.018025	
6979.321590	0.018956	
6979.323590	0.017725	
6979.325589	0.020014	
6979.327590	0.016198	
6979.329590	0.021608	
6979.331590	0.020621	
6979.333590	0.017886	
6979.335590	0.025585	
6979.337590	0.013622	
6979.339589	0.017153	
6979.343590	0.015942	
6979.345590	0.018881	
6979.347590	0.020006	
6979.349589	0.023604	
6979.351590	0.033770	
6979.355588	0.033543	
6979.357589	0.020708	
6979.359589	0.025102	
6979.363590	0.026381	
6979.365590	0.033340	
6979.367589	0.039107	
6979.369588	0.031955	
6979.371590	0.028355	
6979.373589	0.024780	
6979.377589	0.032634	
6979.381590	0.031439	
6979.383589	0.040870	
6979.385589	0.039077	
6979.387590	0.037848	
6979.389590	0.039848	
6979.393588	0.035034	
6979.395589	0.042028	
6979.397590	0.042480	
6979.401590	0.046121	
6979.403591	0.050343	
6979.405590	0.041281	
6979.407590	0.045479	
6979.409590	0.041797	
6979.411590	0.046677	
6979.415590	0.047879	
6979.419590	0.054317	
6979.421590	0.051184	
6979.423589	0.049993	
6979.425590	0.050590	
6979.427597	0.058135	
6979.431589	0.061304	
6979.433590	0.060874	
6979.435590	0.062292	
6979.437590	0.063490	
6979.439591	0.068169	
6979.441590	0.066031	
6979.443590	0.064014	
6979.445589	0.072614	
6979.447590	0.072554	
6979.449589	0.070869	
6979.451590	0.075267	
6979.453590	0.073321	
6979.457590	0.072880	
6979.459590	0.074569	
6979.461590	0.082204	
6979.463590	0.084476	
6979.465589	0.079979	
6979.467590	0.092346	
6979.471589	0.087032	
6979.473590	0.097956	
6979.475589	0.089270	
6979.479590	0.087902	
6979.481590	0.099939	
6979.483589	0.107317	
6979.485590	0.109969	
6979.487590	0.103396	
6979.491589	0.108185	
6979.493589	0.103563	
6979.497590	0.110316	
6979.499590	0.116809	
6979.501589	0.123140	
6979.503589	0.121057	
6979.505590	0.119541	
6979.509588	0.124054	
6979.511589	0.130287	
6979.513589	0.123053	
6979.517590	0.127356	
6979.519591	0.133558	
6979.521590	0.133593	
6979.523588	0.130797	
6979.525589	0.137875	
6979.527590	0.134529	
6979.531589	0.145371	
6979.535590	0.143799	
6979.537590	0.148508	
6979.539590	0.152330	
6979.541589	0.149402	
6979.543590	0.151579	
6979.547589	0.153566	
6979.549590	0.160062	
6979.551590	0.161865	
6979.555590	0.165636	
6979.557590	0.164337	
6979.559590	0.162288	
6979.561590	0.174685	
6979.563589	0.176721	
6979.565589	0.174672	
6979.569589	0.174301	
6979.573590	0.172957	
6979.575589	0.174960	
6979.577591	0.179461	
6979.579589	0.176114	
6979.581590	0.179379	
6979.585588	0.173372	
6979.587590	0.180003	
6979.589590	0.178568	
6979.591590	0.176618	
6979.593590	0.177671	
6979.595590	0.180566	
6979.597590	0.184638	
6979.599590	0.188141	
6979.601590	0.184055	
6979.603589	0.178835	
6979.605590	0.179484	
6979.607590	0.180036	
6979.611590	0.174181	
6979.613590	0.183238	
6979.615590	0.177384	
6979.617589	0.174950	
6979.619590	0.172561	
6979.621590	0.179452	
6979.623590	0.172947	
6979.625590	0.168076	
6979.627589	0.163896	
6979.629589	0.167152	
6979.631590	0.167407	
6979.635590	0.165645	
6979.637590	0.162562	
6979.639590	0.164951	
6979.641590	0.160087	
6979.643589	0.152593	
6979.647588	0.157906	
6979.649590	0.145394	
6979.651590	0.149739	
6979.655590	0.137069	
6979.657589	0.134382	
6979.659589	0.127804	
6979.661589	0.126216	
6979.663591	0.121030	
6979.665589	0.123112	
6979.669590	0.125584	
6979.673590	0.110155	
6979.675590	0.103102	
6979.677590	0.095896	
6979.679589	0.094437	
6979.681589	0.092981	
6979.685589	0.087284	
6979.687589	0.077811	
6979.689590	0.062687	
6979.691589	0.060351	
6979.693596	0.061742	
6979.695590	0.060519	
6979.697589	0.055682	
6979.699590	0.055440	
6979.701590	0.052279	
6979.703590	0.033762	
6979.705589	0.028309	
6979.707589	0.028775	
6979.711589	0.018037	
6979.713590	0.013718	
6979.715590	0.003182	
6979.717590	0.006110	
6979.719589	-0.002520	
6979.721590	-0.009560	
6979.725588	-0.015847	
6979.727590	-0.026085	
6979.729589	-0.022343	
6979.733589	-0.033151	
6979.735589	-0.035690	
6979.737589	-0.048728	
6979.739589	-0.058066	
6979.741590	-0.057215	
6979.745589	-0.067817	
6979.747589	-0.070552	
6979.751590	-0.072963	
6979.753590	-0.084987	
6979.755589	-0.088987	
6979.757590	-0.091696	
6979.759589	-0.100639	
6979.763589	-0.113398	
6979.765589	-0.116514	
6979.767589	-0.118378	
6979.771590	-0.115761	
6979.773589	-0.130099	
6979.775591	-0.139917	
6979.777590	-0.142954	
6979.779588	-0.138800	
6979.781589	-0.143271	
6979.785590	-0.144571	
6979.789590	-0.158109	
6979.791591	-0.155959	
6979.793589	-0.165698	
6979.795589	-0.160780	
6979.797590	-0.169638	
6979.801588	-0.170888	
6979.803590	-0.174919	
6979.805590	-0.180943	
6979.809590	-0.176565	
6979.811589	-0.184169	
6979.813590	-0.182721	
6979.815589	-0.186203	
6979.817589	-0.184108	
6979.819590	-0.192176	
6979.823590	-0.200434	
6979.827597	-0.193302	
6979.829591	-0.196562	
6979.831589	-0.191693	
6979.833590	-0.194781	
6979.835589	-0.190983	
6979.839589	-0.194852	
6979.841589	-0.200068	
6979.843590	-0.196500	
6979.845591	-0.196109	
6979.847590	-0.196019	
6979.849591	-0.194026	
6979.851590	-0.190529	
6979.853590	-0.189240	
6979.855590	-0.189270	
6979.857591	-0.192204	
6979.859590	-0.192077	
6979.861589	-0.188116	
6979.865590	-0.192766	
6979.867590	-0.186305	
6979.869590	-0.176798	
6979.871590	-0.178835	
6979.873590	-0.184437	
6979.875590	-0.186087	
6979.877590	-0.186386	
6979.879589	-0.182910	
6979.881589	-0.183082	
6979.883590	-0.183493	
6979.887590	-0.176275	
6979.889591	-0.168783	
6979.891590	-0.169565	
6979.893590	-0.173226	
6979.895589	-0.158400	
6979.899589	-0.153658	
6979.901590	-0.157638	
6979.903589	-0.159728	
6979.907591	-0.153245	
6979.909589	-0.159086	
6979.911590	-0.149301	
6979.913590	-0.147464	
6979.915588	-0.142195	
6979.917589	-0.144306	
6979.921590	-0.138547	
6979.925590	-0.138157	
6979.927590	-0.132084	
6979.929590	-0.131324	
6979.931589	-0.123317	
6979.933589	-0.123642	
6979.937588	-0.122581	
6979.939591	-0.121251	
6979.941590	-0.118662	
6979.945590	-0.126378	
6979.947591	-0.104848	
6979.949590	-0.103217	
6979.951589	-0.103719	
6979.953594	-0.108880	
6979.955590	-0.114656	
6979.959590	-0.105666	
6979.963590	-0.101032	
6979.965590	-0.094776	
6979.967590	-0.086584	
6979.969590	-0.084623	
6979.971588	-0.097450	
6979.975589	-0.090580	
6979.977589	-0.085132	
6979.979590	-0.083076	
6979.981589	-0.085398	
6979.983590	-0.086173	
6979.985590	-0.081393	
6979.987589	-0.076767	
6979.989589	-0.080153	
6979.991589	-0.082420	
6979.993591	-0.072790	
6979.995589	-0.072137	
6979.997590	-0.062517	
6979.999591	-0.062917	
6980.003590	-0.061681	
6980.005589	-0.064255	
6980.007589	-0.066843	
6980.009590	-0.071398	
6980.011589	-0.064894	
6980.015588	-0.058050	
6980.017590	-0.049631	
6980.019590	-0.059548	
6980.023590	-0.052452	
6980.025590	-0.045495	
6980.027590	-0.048265	
6980.029590	-0.049084	
6980.031589	-0.047833	
6980.035589	-0.040537	
6980.039588	-0.045352	
6980.041593	-0.050372	
6980.043589	-0.044083	
6980.045590	-0.038689	
6980.047589	-0.038417	
6980.049589	-0.037770	
6980.053589	-0.029592	
6980.055590	-0.035110	
6980.057589	-0.039728	
6980.061590	-0.033146	
6980.063590	-0.034414	
6980.065590	-0.035306	
6980.067590	-0.024534	
6980.069589	-0.019995	
6980.071590	-0.029707	
6980.075589	-0.028346	
6980.079590	-0.032676	
6980.081590	-0.024147	
6980.083591	-0.015010	
6980.085589	-0.016973	
6980.087590	-0.016904	
6980.091588	-0.025178	
6980.093590	-0.022259	
6980.095590	-0.021030	
6980.097590	-0.019342	
6980.099591	-0.021197	
6980.101590	-0.015017	
6980.103590	-0.018248	
6980.105589	-0.020691	
6980.107589	-0.019035	
6980.109590	-0.016862	
6980.111590	-0.021270	
6980.113588	-0.017741	
6980.117590	-0.016945	
6980.119590	-0.011757	
6980.121589	-0.015395	
6980.123590	-0.017622	
6980.125589	-0.014783	
6980.127589	-0.014211	
6980.129590	-0.009242	
6980.131590	-0.015212	
6980.133590	-0.009194	
6980.135592	-0.008437	
6980.139590	-0.013488	
6980.141590	-0.014230	
6980.143590	-0.020374	
6980.145590	-0.007480	
6980.147590	0.000082	
6980.151589	-0.005597	
6980.153590	-0.011194	
6980.155591	-0.014486	
6980.159590	-0.011401	
6980.161589	-0.006516	
6980.163589	-0.002099	
6980.165589	-0.004442	
6980.167590	-0.006603	
6980.171589	-0.000481	
6980.173589	-0.009971	
6980.177590	-0.010894	
6980.179589	0.001189	
6980.181590	-0.006737	
6980.183589	-0.008544	
6980.185589	-0.004490	
6980.189588	-0.009851	
6980.191590	-0.008082	
6980.193590	-0.007580	
6980.197590	-0.002485	
6980.199588	-0.007498	
6980.201590	0.005694	
6980.203589	0.001506	
6980.205590	0.001887	
6980.209589	0.002835	
6980.211589	-0.003974	
6980.215590	-0.002474	
6980.217590	-0.001675	
6980.219592	-0.004343	
6980.221589	-0.005954	
6980.223589	-0.002995	
6980.227588	0.006101	
6980.229590	-0.004976	
6980.231590	-0.002726	
6980.233590	-0.002481	
6980.235590	0.000399	
6980.237590	0.002917	
6980.239590	0.004050	
6980.241590	0.004408	
6980.243589	-0.001214	
6980.245590	0.002917	
6980.247589	0.002041	
6980.251589	0.001133	
6980.253589	0.002688	
6980.255590	0.002677	
6980.257590	0.002671	
6980.259590	-0.009945	
6980.261590	0.001321	
6980.263590	0.005144	
6980.265591	0.003785	
6980.267589	0.002901	
6980.269589	0.000118	
6980.271590	0.000420	
6980.275590	-0.002315	
6980.277590	0.003319	
6980.279589	0.013133	
6980.281589	0.003744	
6980.283590	0.011210	
6980.287589	0.006096	
6980.289592	-0.001476	
6980.291590	0.004159	
6980.295590	0.003109	
6980.297589	0.009199	
6980.299590	0.007626	
6980.301590	0.008986	
6980.303590	0.005276	
6980.305589	0.002523	
6980.309589	-0.000005	
6980.313590	-0.001952	
6980.315589	0.003661	
6980.317590	0.012029	
6980.319590	0.006596	
6980.321590	0.005697	
6980.325589	0.003739	
6980.327589	-0.001776	
6980.329590	0.013281	
6980.333590	0.011472	
6980.335589	0.013358	
6980.337590	0.008053	
6980.339589	0.009733	
6980.341590	0.001694	
6980.343590	0.010614	
6980.347590	0.007880	
6980.351590	0.013012	
6980.353590	0.014288	
6980.355590	0.009835	
6980.357590	0.014697	
6980.359590	0.007995	
6980.363589	0.012233	
6980.365589	0.018821	
6980.367589	0.015445	
6980.369590	0.013208	
6980.371591	0.012292	
6980.373590	0.016462	
6980.375589	0.014792	
6980.377590	0.012523	
6980.379590	0.014304	
6980.381589	0.013327	
6980.383590	0.017461	
6980.385590	0.013693	
6980.389590	0.014391	
6980.391590	0.014688	
6980.393589	0.016464	
6980.395589	0.020899	
6980.397590	0.021804	
6980.399589	0.019702	
6980.401589	0.028515	
6980.403590	0.023543	
6980.405590	0.023292	
6980.407589	0.013038	
6980.409590	0.010957	
6980.413590	0.024567	
6980.415591	0.025297	
6980.417589	0.030107	
6980.419591	0.024467	
6980.421590	0.020866	
6980.425589	0.024591	
6980.427590	0.026585	
6980.429589	0.028082	
6980.433590	0.026238	
6980.435589	0.032421	
6980.437589	0.038804	
6980.439589	0.039144	
6980.441590	0.035168	
6980.443590	0.033224	
6980.447590	0.040782	
6980.451590	0.036799	
6980.453590	0.043897	
6980.455590	0.040649	
6980.457589	0.038237	
6980.459590	0.040741	
6980.463589	0.042443	
6980.465590	0.048708	
6980.467589	0.050041	
6980.471590	0.047601	
6980.473590	0.057451	
6980.475589	0.046720	
6980.477591	0.051109	
6980.479591	0.054758	
6980.481590	0.053457	
6980.485589	0.059258	
6980.489590	0.056312	
6980.491590	0.054123	
6980.493590	0.063070	
6980.495590	0.068353	
6980.497589	0.064480	
6980.501588	0.069855	
6980.503590	0.069575	
6980.505589	0.071455	
6980.507591	0.068926	
6980.509590	0.066178	
6980.511590	0.079241	
6980.513589	0.082435	
6980.515589	0.075522	
6980.517590	0.087416	
6980.519589	0.079192	
6980.521590	0.086056	
6980.523589	0.088194	
6980.527590	0.086935	
6980.529590	0.099432	
6980.531590	0.092350	
6980.533590	0.102834	
6980.535590	0.106267	
6980.537590	0.101909	
6980.541589	0.100824	
6980.543590	0.099669	
6980.545589	0.105259	
6980.549590	0.105249	
6980.551590	0.111774	
6980.553590	0.110711	
6980.555589	0.104184	
6980.557590	0.114683	
6980.561589	0.116284	
6980.563589	0.119131	
6980.567590	0.125941	
6980.569590	0.129424	
6980.571590	0.123786	
6980.573589	0.128924	
6980.575590	0.131438	
6980.579589	0.134978	
6980.581589	0.138566	
6980.583590	0.137839	
6980.587590	0.143332	
6980.589590	0.146548	
6980.591590	0.146137	
6980.593590	0.146908	
6980.595590	0.145172	
6980.597589	0.155251	
6980.601590	0.161381	
6980.605590	0.152435	
6980.607590	0.162102	
6980.609590	0.158118	
6980.611590	0.165169	
6980.613590	0.165513	
6980.617588	0.169660	
6980.619591	0.161567	
6980.621590	0.164509	
6980.623589	0.175724	
6980.625590	0.174319	
6980.627590	0.168063	
6980.629589	0.177233	
6980.631590	0.170712	
6980.633589	0.178018	
6980.635589	0.183315	
6980.637590	0.173173	
6980.639590	0.172286	
6980.643590	0.176947	
6980.645590	0.179859	
6980.647590	0.185765	
6980.649590	0.175715	
6980.651591	0.182840	
6980.653590	0.188480	
6980.657589	0.182680	
6980.659589	0.175523	
6980.661590	0.174708	
6980.665590	0.170813	
6980.667590	0.181288	
6980.669590	0.173811	
6980.671590	0.172238	
6980.673590	0.173469	
6980.677588	0.170461	
