crossing time (s)	slope (V/s)	crossing number
281474976710655.000000	49.960403	5002	0.000000
281474976710655.000000	49.469666	5003	0.000000
281474976710655.000000	43.180786	5004	0.000000
281474976710655.000000	33.057037	5005	0.000000
281474976710655.000000	40.085911	5006	0.000000
281474976710655.000000	54.500877	5007	0.000000
281474976710655.000000	54.361362	5008	0.000000
281474976710655.000000	48.447819	5009	0.000000
281474976710655.000000	43.605392	5010	0.000000
281474976710655.000000	48.337994	5011	0.000000
281474976710655.000000	40.171410	5012	0.000000
281474976710655.000000	47.038368	5013	0.000000
281474976710655.000000	48.439613	5014	0.000000
281474976710655.000000	64.807381	5015	0.000000
281474976710655.000000	50.063320	5016	0.000000
281474976710655.000000	46.490582	5017	0.000000
281474976710655.000000	45.830360	5018	0.000000
281474976710655.000000	54.394260	5019	0.000000
281474976710655.000000	48.057766	5020	0.000000
281474976710655.000000	50.398289	5021	0.000000
281474976710655.000000	46.848408	5022	0.000000
281474976710655.000000	47.454117	5023	0.000000
281474976710655.000000	65.765190	5024	0.000000
281474976710655.000000	46.769249	5025	0.000000
281474976710655.000000	49.023289	5026	0.000000
281474976710655.000000	47.012928	5027	0.000000
281474976710655.000000	39.128582	5028	0.000000
281474976710655.000000	36.572105	5029	0.000000
281474976710655.000000	36.251514	5030	0.000000
281474976710655.000000	47.003338	5031	0.000000
281474976710655.000000	51.980270	5032	0.000000
281474976710655.000000	39.524353	5033	0.000000
281474976710655.000000	46.852509	5034	0.000000
281474976710655.000000	39.241261	5035	0.000000
281474976710655.000000	46.221180	5036	0.000000
281474976710655.000000	46.489841	5037	0.000000
281474976710655.000000	46.097675	5038	0.000000
281474976710655.000000	47.679352	5039	0.000000
281474976710655.000000	48.554783	5040	0.000000
281474976710655.000000	61.316509	5041	0.000000
281474976710655.000000	30.737530	5042	0.000000
281474976710655.000000	43.799011	5043	0.000000
281474976710655.000000	43.068962	5044	0.000000
281474976710655.000000	49.644123	5045	0.000000
281474976710655.000000	38.540741	5046	0.000000
281474976710655.000000	40.511776	5047	0.000000
281474976710655.000000	34.915779	5048	0.000000
281474976710655.000000	50.591648	5049	0.000000
281474976710655.000000	51.346123	5050	0.000000
281474976710655.000000	34.811111	5051	0.000000
281474976710655.000000	50.532181	5052	0.000000
281474976710655.000000	38.671062	5053	0.000000
281474976710655.000000	30.543406	5054	0.000000
281474976710655.000000	46.639206	5055	0.000000
281474976710655.000000	45.900913	5056	0.000000
281474976710655.000000	44.080727	5057	0.000000
281474976710655.000000	38.878754	5058	0.000000
281474976710655.000000	43.855736	5059	0.000000
281474976710655.000000	61.155445	5060	0.000000
281474976710655.000000	42.366383	5061	0.000000
281474976710655.000000	49.965351	5062	0.000000
281474976710655.000000	35.681660	5063	0.000000
281474976710655.000000	38.918575	5064	0.000000
281474976710655.000000	37.694401	5065	0.000000
281474976710655.000000	45.969765	5066	0.000000
281474976710655.000000	49.920620	5067	0.000000
281474976710655.000000	33.829254	5068	0.000000
281474976710655.000000	45.170315	5069	0.000000
281474976710655.000000	42.423630	5070	0.000000
281474976710655.000000	49.269978	5071	0.000000
281474976710655.000000	36.449364	5072	0.000000
281474976710655.000000	39.161373	5073	0.000000
281474976710655.000000	41.397423	5074	0.000000
281474976710655.000000	47.178329	5075	0.000000
281474976710655.000000	54.556778	5076	0.000000
281474976710655.000000	43.770908	5077	0.000000
281474976710655.000000	41.309834	5078	0.000000
281474976710655.000000	45.062611	5079	0.000000
281474976710655.000000	49.447460	5080	0.000000
281474976710655.000000	53.480652	5081	0.000000
281474976710655.000000	48.292938	5082	0.000000
281474976710655.000000	36.846584	5083	0.000000
281474976710655.000000	36.359917	5084	0.000000
281474976710655.000000	54.483788	5085	0.000000
281474976710655.000000	36.461567	5086	0.000000
281474976710655.000000	37.743382	5087	0.000000
281474976710655.000000	37.455441	5088	0.000000
281474976710655.000000	41.587234	5089	0.000000
281474976710655.000000	48.878395	5090	0.000000
281474976710655.000000	35.341763	5091	0.000000
281474976710655.000000	39.950768	5092	0.000000
281474976710655.000000	36.391750	5093	0.000000
281474976710655.000000	47.844910	5094	0.000000
281474976710655.000000	42.954174	5095	0.000000
281474976710655.000000	41.751255	5096	0.000000
281474976710655.000000	52.687756	5097	0.000000
281474976710655.000000	43.251278	5098	0.000000
281474976710655.000000	46.660332	5099	0.000000
281474976710655.000000	35.989079	5100	0.000000
281474976710655.000000	40.219017	5101	0.000000
281474976710655.000000	39.516060	5102	0.000000
281474976710655.000000	47.219410	5103	0.000000
281474976710655.000000	39.867771	5104	0.000000
281474976710655.000000	42.379379	5105	0.000000
281474976710655.000000	35.389568	5106	0.000000
281474976710655.000000	46.406727	5107	0.000000
281474976710655.000000	42.336086	5108	0.000000
281474976710655.000000	52.893173	5109	0.000000
281474976710655.000000	46.695663	5110	0.000000
281474976710655.000000	34.384354	5111	0.000000
281474976710655.000000	50.723202	5112	0.000000
281474976710655.000000	43.446251	5113	0.000000
281474976710655.000000	35.334354	5114	0.000000
281474976710655.000000	37.498909	5115	0.000000
281474976710655.000000	39.166695	5116	0.000000
281474976710655.000000	39.642845	5117	0.000000
281474976710655.000000	50.722786	5118	0.000000
281474976710655.000000	41.714100	5119	0.000000
281474976710655.000000	34.406097	5120	0.000000
281474976710655.000000	40.887718	5121	0.000000
281474976710655.000000	56.194645	5122	0.000000
281474976710655.000000	35.145786	5123	0.000000
281474976710655.000000	50.316154	5124	0.000000
281474976710655.000000	39.681019	5125	0.000000
281474976710655.000000	42.330509	5126	0.000000
281474976710655.000000	41.917927	5127	0.000000
281474976710655.000000	41.592861	5128	0.000000
281474976710655.000000	51.461346	5129	0.000000
281474976710655.000000	44.982712	5130	0.000000
281474976710655.000000	33.523888	5131	0.000000
281474976710655.000000	40.678329	5132	0.000000
281474976710655.000000	36.457451	5133	0.000000
281474976710655.000000	34.971794	5134	0.000000
281474976710655.000000	41.332825	5135	0.000000
281474976710655.000000	35.701588	5136	0.000000
281474976710655.000000	34.009125	5137	0.000000
281474976710655.000000	43.410824	5138	0.000000
281474976710655.000000	42.000408	5139	0.000000
281474976710655.000000	45.314899	5140	0.000000
281474976710655.000000	40.473301	5141	0.000000
281474976710655.000000	37.787327	5142	0.000000
281474976710655.000000	35.760612	5143	0.000000
281474976710655.000000	37.581642	5144	0.000000
281474976710655.000000	41.132442	5145	0.000000
281474976710655.000000	34.632061	5146	0.000000
281474976710655.000000	40.230270	5147	0.000000
281474976710655.000000	34.391987	5148	0.000000
281474976710655.000000	38.017441	5149	0.000000
281474976710655.000000	37.330032	5150	0.000000
281474976710655.000000	37.010658	5151	0.000000
281474976710655.000000	42.388248	5152	0.000000
281474976710655.000000	33.299690	5153	0.000000
281474976710655.000000	38.882767	5154	0.000000
281474976710655.000000	34.671371	5155	0.000000
281474976710655.000000	41.271210	5156	0.000000
281474976710655.000000	36.816685	5157	0.000000
281474976710655.000000	39.542400	5158	0.000000
281474976710655.000000	44.025780	5159	0.000000
281474976710655.000000	48.554203	5160	0.000000
281474976710655.000000	39.236412	5161	0.000000
281474976710655.000000	37.849998	5162	0.000000
281474976710655.000000	36.289368	5163	0.000000
281474976710655.000000	40.515026	5164	0.000000
281474976710655.000000	36.669247	5165	0.000000
281474976710655.000000	42.345623	5166	0.000000
281474976710655.000000	36.317730	5167	0.000000
281474976710655.000000	39.177006	5168	0.000000
281474976710655.000000	38.897034	5169	0.000000
281474976710655.000000	47.669189	5170	0.000000
281474976710655.000000	38.129173	5171	0.000000
281474976710655.000000	37.474007	5172	0.000000
281474976710655.000000	36.036995	5173	0.000000
281474976710655.000000	33.382893	5174	0.000000
281474976710655.000000	39.417973	5175	0.000000
281474976710655.000000	37.099201	5176	0.000000
281474976710655.000000	42.224792	5177	0.000000
281474976710655.000000	34.805943	5178	0.000000
281474976710655.000000	38.558643	5179	0.000000
281474976710655.000000	48.982311	5180	0.000000
281474976710655.000000	32.956886	5181	0.000000
281474976710655.000000	32.843765	5182	0.000000
281474976710655.000000	31.602867	5183	0.000000
281474976710655.000000	35.820972	5184	0.000000
281474976710655.000000	32.745975	5185	0.000000
281474976710655.000000	40.494377	5186	0.000000
281474976710655.000000	37.836643	5187	0.000000
281474976710655.000000	32.992847	5188	0.000000
281474976710655.000000	46.182926	5189	0.000000
281474976710655.000000	36.080605	5190	0.000000
281474976710655.000000	41.044914	5191	0.000000
281474976710655.000000	34.487038	5192	0.000000
281474976710655.000000	36.676125	5193	0.000000
281474976710655.000000	36.771385	5194	0.000000
281474976710655.000000	31.146088	5195	0.000000
281474976710655.000000	42.922024	5196	0.000000
281474976710655.000000	32.123959	5197	0.000000
281474976710655.000000	30.731876	5198	0.000000
281474976710655.000000	32.653759	5199	0.000000
281474976710655.000000	37.590710	5200	0.000000
281474976710655.000000	32.895809	5201	0.000000
281474976710655.000000	33.010273	5202	0.000000
281474976710655.000000	35.700638	5203	0.000000
281474976710655.000000	42.603001	5204	0.000000
281474976710655.000000	36.680019	5205	0.000000
281474976710655.000000	39.756706	5206	0.000000
281474976710655.000000	37.336174	5207	0.000000
281474976710655.000000	36.223076	5208	0.000000
281474976710655.000000	40.161915	5209	0.000000
281474976710655.000000	35.628445	5210	0.000000
281474976710655.000000	35.933174	5211	0.000000
281474976710655.000000	42.196476	5212	0.000000
281474976710655.000000	31.708967	5213	0.000000
281474976710655.000000	34.905254	5214	0.000000
281474976710655.000000	36.260063	5215	0.000000
281474976710655.000000	33.646832	5216	0.000000
281474976710655.000000	31.056484	5217	0.000000
281474976710655.000000	35.010166	5218	0.000000
281474976710655.000000	31.671274	5219	0.000000
281474976710655.000000	37.178654	5220	0.000000
281474976710655.000000	38.336731	5221	0.000000
281474976710655.000000	32.271149	5222	0.000000
281474976710655.000000	35.719124	5223	0.000000
281474976710655.000000	36.929882	5224	0.000000
281474976710655.000000	35.759388	5225	0.000000
281474976710655.000000	36.221210	5226	0.000000
281474976710655.000000	34.862755	5227	0.000000
281474976710655.000000	41.130756	5228	0.000000
281474976710655.000000	30.814472	5229	0.000000
281474976710655.000000	32.335224	5230	0.000000
281474976710655.000000	31.118093	5231	0.000000
281474976710655.000000	35.676781	5232	0.000000
281474976710655.000000	36.752609	5233	0.000000
281474976710655.000000	32.842335	5234	0.000000
281474976710655.000000	34.476982	5235	0.000000
281474976710655.000000	35.680187	5236	0.000000
281474976710655.000000	39.881439	5237	0.000000
281474976710655.000000	34.711006	5238	0.000000
281474976710655.000000	30.479218	5239	0.000000
281474976710655.000000	33.771446	5240	0.000000
281474976710655.000000	33.981918	5241	0.000000
281474976710655.000000	35.753517	5242	0.000000
281474976710655.000000	30.205441	5243	0.000000
281474976710655.000000	30.180290	5244	0.000000
281474976710655.000000	35.315662	5245	0.000000
281474976710655.000000	28.310207	5246	0.000000
281474976710655.000000	36.325336	5247	0.000000
281474976710655.000000	33.386402	5248	0.000000
281474976710655.000000	33.574047	5249	0.000000
281474976710655.000000	35.949947	5250	0.000000
281474976710655.000000	34.129814	5251	0.000000
281474976710655.000000	34.047886	5252	0.000000
281474976710655.000000	33.502728	5253	0.000000
281474976710655.000000	31.630709	5254	0.000000
281474976710655.000000	30.182993	5255	0.000000
281474976710655.000000	35.034885	5256	0.000000
281474976710655.000000	34.085045	5257	0.000000
281474976710655.000000	30.734550	5258	0.000000
281474976710655.000000	34.386620	5259	0.000000
281474976710655.000000	34.902878	5260	0.000000
281474976710655.000000	28.422142	5261	0.000000
281474976710655.000000	33.908772	5262	0.000000
281474976710655.000000	31.570656	5263	0.000000
281474976710655.000000	31.612143	5264	0.000000
281474976710655.000000	38.146278	5265	0.000000
281474976710655.000000	30.445374	5266	0.000000
281474976710655.000000	29.657965	5267	0.000000
281474976710655.000000	27.078831	5268	0.000000
281474976710655.000000	29.996487	5269	0.000000
281474976710655.000000	32.904823	5270	0.000000
281474976710655.000000	33.760208	5271	0.000000
281474976710655.000000	29.574717	5272	0.000000
281474976710655.000000	32.904999	5273	0.000000
281474976710655.000000	33.382454	5274	0.000000
281474976710655.000000	31.188950	5275	0.000000
281474976710655.000000	31.806049	5276	0.000000
281474976710655.000000	32.558228	5277	0.000000
281474976710655.000000	30.909525	5278	0.000000
281474976710655.000000	29.984722	5279	0.000000
281474976710655.000000	31.211916	5280	0.000000
281474976710655.000000	36.615379	5281	0.000000
281474976710655.000000	32.408199	5282	0.000000
281474976710655.000000	30.154360	5283	0.000000
281474976710655.000000	31.981705	5284	0.000000
281474976710655.000000	30.590147	5285	0.000000
281474976710655.000000	32.184059	5286	0.000000
281474976710655.000000	39.538925	5287	0.000000
281474976710655.000000	32.057762	5288	0.000000
281474976710655.000000	31.634951	5289	0.000000
281474976710655.000000	31.663092	5290	0.000000
281474976710655.000000	28.246885	5291	0.000000
281474976710655.000000	28.828169	5292	0.000000
281474976710655.000000	31.043297	5293	0.000000
281474976710655.000000	29.279728	5294	0.000000
281474976710655.000000	30.827526	5295	0.000000
281474976710655.000000	31.716190	5296	0.000000
281474976710655.000000	31.032761	5297	0.000000
281474976710655.000000	30.591000	5298	0.000000
281474976710655.000000	31.091579	5299	0.000000
281474976710655.000000	29.624668	5300	0.000000
281474976710655.000000	30.847193	5301	0.000000
281474976710655.000000	33.326237	5302	0.000000
281474976710655.000000	29.635763	5303	0.000000
281474976710655.000000	32.562340	5304	0.000000
281474976710655.000000	28.364273	5305	0.000000
281474976710655.000000	30.484964	5306	0.000000
281474976710655.000000	30.035933	5307	0.000000
281474976710655.000000	29.354267	5308	0.000000
281474976710655.000000	30.892921	5309	0.000000
281474976710655.000000	28.952259	5310	0.000000
281474976710655.000000	28.352230	5311	0.000000
281474976710655.000000	30.555605	5312	0.000000
281474976710655.000000	30.565678	5313	0.000000
281474976710655.000000	30.531263	5314	0.000000
281474976710655.000000	28.138432	5315	0.000000
281474976710655.000000	27.595470	5316	0.000000
281474976710655.000000	32.282116	5317	0.000000
281474976710655.000000	30.124464	5318	0.000000
281474976710655.000000	30.900291	5319	0.000000
281474976710655.000000	33.043530	5320	0.000000
281474976710655.000000	29.862669	5321	0.000000
281474976710655.000000	29.189064	5322	0.000000
281474976710655.000000	31.025242	5323	0.000000
281474976710655.000000	28.119810	5324	0.000000
281474976710655.000000	30.673988	5325	0.000000
281474976710655.000000	30.601843	5326	0.000000
281474976710655.000000	29.942852	5327	0.000000
281474976710655.000000	27.575743	5328	0.000000
281474976710655.000000	28.148512	5329	0.000000
281474976710655.000000	26.804962	5330	0.000000
281474976710655.000000	29.611540	5331	0.000000
281474976710655.000000	30.936020	5332	0.000000
281474976710655.000000	27.534147	5333	0.000000
281474976710655.000000	29.083134	5334	0.000000
281474976710655.000000	28.322340	5335	0.000000
281474976710655.000000	28.193220	5336	0.000000
281474976710655.000000	27.253141	5337	0.000000
281474976710655.000000	31.858892	5338	0.000000
281474976710655.000000	29.743959	5339	0.000000
281474976710655.000000	34.036972	5340	0.000000
281474976710655.000000	26.964495	5341	0.000000
281474976710655.000000	32.243893	5342	0.000000
281474976710655.000000	28.388168	5343	0.000000
281474976710655.000000	29.062607	5344	0.000000
281474976710655.000000	27.366129	5345	0.000000
281474976710655.000000	26.330933	5346	0.000000
281474976710655.000000	28.664194	5347	0.000000
281474976710655.000000	27.171398	5348	0.000000
281474976710655.000000	28.624962	5349	0.000000
281474976710655.000000	30.440048	5350	0.000000
281474976710655.000000	26.153397	5351	0.000000
281474976710655.000000	28.333855	5352	0.000000
281474976710655.000000	30.157936	5353	0.000000
281474976710655.000000	28.784948	5354	0.000000
281474976710655.000000	28.016624	5355	0.000000
281474976710655.000000	25.588039	5356	0.000000
281474976710655.000000	28.781063	5357	0.000000
281474976710655.000000	25.957863	5358	0.000000
281474976710655.000000	28.178968	5359	0.000000
281474976710655.000000	26.722775	5360	0.000000
281474976710655.000000	27.596596	5361	0.000000
281474976710655.000000	28.159594	5362	0.000000
281474976710655.000000	29.113237	5363	0.000000
281474976710655.000000	27.693148	5364	0.000000
281474976710655.000000	28.666519	5365	0.000000
281474976710655.000000	26.579134	5366	0.000000
281474976710655.000000	28.761513	5367	0.000000
281474976710655.000000	29.341024	5368	0.000000
281474976710655.000000	27.973555	5369	0.000000
281474976710655.000000	30.802513	5370	0.000000
281474976710655.000000	27.045103	5371	0.000000
281474976710655.000000	27.090651	5372	0.000000
281474976710655.000000	29.246855	5373	0.000000
281474976710655.000000	29.011898	5374	0.000000
281474976710655.000000	27.309113	5375	0.000000
281474976710655.000000	29.387243	5376	0.000000
281474976710655.000000	27.133745	5377	0.000000
281474976710655.000000	28.194098	5378	0.000000
281474976710655.000000	25.685431	5379	0.000000
281474976710655.000000	28.994484	5380	0.000000
281474976710655.000000	28.402390	5381	0.000000
281474976710655.000000	26.573280	5382	0.000000
281474976710655.000000	27.845379	5383	0.000000
281474976710655.000000	26.782610	5384	0.000000
281474976710655.000000	28.154966	5385	0.000000
281474976710655.000000	25.303991	5386	0.000000
281474976710655.000000	26.492979	5387	0.000000
281474976710655.000000	27.272406	5388	0.000000
281474976710655.000000	28.071714	5389	0.000000
281474976710655.000000	26.983929	5390	0.000000
281474976710655.000000	26.181097	5391	0.000000
281474976710655.000000	25.240448	5392	0.000000
281474976710655.000000	28.992260	5393	0.000000
281474976710655.000000	26.699673	5394	0.000000
281474976710655.000000	24.442682	5395	0.000000
281474976710655.000000	27.166906	5396	0.000000
281474976710655.000000	24.880260	5397	0.000000
281474976710655.000000	26.991432	5398	0.000000
281474976710655.000000	25.969763	5399	0.000000
281474976710655.000000	26.219437	5400	0.000000
281474976710655.000000	26.101677	5401	0.000000
281474976710655.000000	27.611891	5402	0.000000
281474976710655.000000	24.579027	5403	0.000000
281474976710655.000000	27.899895	5404	0.000000
281474976710655.000000	24.727047	5405	0.000000
281474976710655.000000	25.731621	5406	0.000000
281474976710655.000000	26.616489	5407	0.000000
281474976710655.000000	26.914051	5408	0.000000
281474976710655.000000	25.818203	5409	0.000000
281474976710655.000000	24.128553	5410	0.000000
281474976710655.000000	25.363426	5411	0.000000
281474976710655.000000	26.903231	5412	0.000000
281474976710655.000000	25.089035	5413	0.000000
281474976710655.000000	23.855923	5414	0.000000
281474976710655.000000	24.988670	5415	0.000000
281474976710655.000000	24.425083	5416	0.000000
281474976710655.000000	25.067608	5417	0.000000
281474976710655.000000	27.776934	5418	0.000000
281474976710655.000000	25.832535	5419	0.000000
281474976710655.000000	25.480865	5420	0.000000
281474976710655.000000	25.242397	5421	0.000000
281474976710655.000000	25.550089	5422	0.000000
281474976710655.000000	24.506289	5423	0.000000
281474976710655.000000	25.666807	5424	0.000000
281474976710655.000000	27.785923	5425	0.000000
281474976710655.000000	25.580973	5426	0.000000
281474976710655.000000	24.769350	5427	0.000000
281474976710655.000000	26.826838	5428	0.000000
281474976710655.000000	24.310452	5429	0.000000
281474976710655.000000	26.395536	5430	0.000000
281474976710655.000000	25.767719	5431	0.000000
281474976710655.000000	27.568333	5432	0.000000
281474976710655.000000	23.692934	5433	0.000000
281474976710655.000000	23.536049	5434	0.000000
281474976710655.000000	23.623987	5435	0.000000
281474976710655.000000	24.327850	5436	0.000000
281474976710655.000000	25.412113	5437	0.000000
281474976710655.000000	26.180094	5438	0.000000
281474976710655.000000	23.816883	5439	0.000000
281474976710655.000000	26.915041	5440	0.000000
281474976710655.000000	25.428024	5441	0.000000
281474976710655.000000	25.328722	5442	0.000000
281474976710655.000000	23.051384	5443	0.000000
281474976710655.000000	25.026371	5444	0.000000
281474976710655.000000	24.209599	5445	0.000000
281474976710655.000000	25.755178	5446	0.000000
281474976710655.000000	23.387634	5447	0.000000
281474976710655.000000	24.096296	5448	0.000000
281474976710655.000000	23.831715	5449	0.000000
281474976710655.000000	25.520041	5450	0.000000
281474976710655.000000	23.599247	5451	0.000000
281474976710655.000000	24.918184	5452	0.000000
281474976710655.000000	23.335409	5453	0.000000
281474976710655.000000	23.541498	5454	0.000000
281474976710655.000000	23.691505	5455	0.000000
281474976710655.000000	25.010262	5456	0.000000
281474976710655.000000	22.202456	5457	0.000000
281474976710655.000000	22.578995	5458	0.000000
281474976710655.000000	24.110950	5459	0.000000
281474976710655.000000	24.038136	5460	0.000000
281474976710655.000000	22.976524	5461	0.000000
281474976710655.000000	24.420437	5462	0.000000
281474976710655.000000	24.655272	5463	0.000000
281474976710655.000000	25.208302	5464	0.000000
281474976710655.000000	22.604303	5465	0.000000
281474976710655.000000	22.936827	5466	0.000000
281474976710655.000000	23.414543	5467	0.000000
281474976710655.000000	23.493765	5468	0.000000
281474976710655.000000	24.114933	5469	0.000000
281474976710655.000000	24.615616	5470	0.000000
281474976710655.000000	22.600313	5471	0.000000
281474976710655.000000	23.888762	5472	0.000000
281474976710655.000000	22.856396	5473	0.000000
281474976710655.000000	23.867344	5474	0.000000
281474976710655.000000	23.320776	5475	0.000000
281474976710655.000000	23.598915	5476	0.000000
281474976710655.000000	23.250473	5477	0.000000
281474976710655.000000	24.815023	5478	0.000000
281474976710655.000000	22.548075	5479	0.000000
281474976710655.000000	21.723822	5480	0.000000
281474976710655.000000	22.580828	5481	0.000000
281474976710655.000000	21.449511	5482	0.000000
281474976710655.000000	21.990948	5483	0.000000
281474976710655.000000	22.525707	5484	0.000000
281474976710655.000000	20.939327	5485	0.000000
281474976710655.000000	22.451942	5486	0.000000
281474976710655.000000	22.169838	5487	0.000000
281474976710655.000000	22.417454	5488	0.000000
281474976710655.000000	22.077398	5489	0.000000
281474976710655.000000	22.772160	5490	0.000000
281474976710655.000000	21.453180	5491	0.000000
281474976710655.000000	23.061155	5492	0.000000
281474976710655.000000	21.343147	5493	0.000000
281474976710655.000000	22.496258	5494	0.000000
281474976710655.000000	21.308922	5495	0.000000
281474976710655.000000	23.522470	5496	0.000000
281474976710655.000000	22.120737	5497	0.000000
281474976710655.000000	22.264732	5498	0.000000
281474976710655.000000	21.020247	5499	0.000000
281474976710655.000000	22.483854	5500	0.000000
281474976710655.000000	22.012495	5501	0.000000
281474976710655.000000	22.291504	5502	0.000000
281474976710655.000000	20.974964	5503	0.000000
281474976710655.000000	24.389734	5504	0.000000
281474976710655.000000	22.874929	5505	0.000000
281474976710655.000000	22.577164	5506	0.000000
281474976710655.000000	22.092596	5507	0.000000
281474976710655.000000	22.100973	5508	0.000000
281474976710655.000000	21.667131	5509	0.000000
281474976710655.000000	21.885405	5510	0.000000
281474976710655.000000	21.589748	5511	0.000000
281474976710655.000000	21.299749	5512	0.000000
281474976710655.000000	21.090870	5513	0.000000
281474976710655.000000	20.295921	5514	0.000000
281474976710655.000000	20.430536	5515	0.000000
281474976710655.000000	22.961016	5516	0.000000
281474976710655.000000	21.608156	5517	0.000000
281474976710655.000000	22.362743	5518	0.000000
281474976710655.000000	20.385063	5519	0.000000
281474976710655.000000	21.650835	5520	0.000000
281474976710655.000000	20.711527	5521	0.000000
281474976710655.000000	21.177670	5522	0.000000
281474976710655.000000	19.858633	5523	0.000000
281474976710655.000000	22.757372	5524	0.000000
281474976710655.000000	21.141714	5525	0.000000
281474976710655.000000	20.932961	5526	0.000000
281474976710655.000000	21.232567	5527	0.000000
281474976710655.000000	21.436251	5528	0.000000
281474976710655.000000	20.593533	5529	0.000000
281474976710655.000000	21.139555	5530	0.000000
281474976710655.000000	20.481840	5531	0.000000
281474976710655.000000	21.690022	5532	0.000000
281474976710655.000000	20.426165	5533	0.000000
281474976710655.000000	21.662495	5534	0.000000
281474976710655.000000	19.526281	5535	0.000000
281474976710655.000000	20.220633	5536	0.000000
281474976710655.000000	20.207577	5537	0.000000
281474976710655.000000	19.894880	5538	0.000000
281474976710655.000000	20.264442	5539	0.000000
281474976710655.000000	21.322636	5540	0.000000
281474976710655.000000	20.104204	5541	0.000000
281474976710655.000000	19.721819	5542	0.000000
281474976710655.000000	19.980375	5543	0.000000
281474976710655.000000	21.730961	5544	0.000000
281474976710655.000000	19.455124	5545	0.000000
281474976710655.000000	21.562216	5546	0.000000
281474976710655.000000	20.396338	5547	0.000000
281474976710655.000000	20.555489	5548	0.000000
281474976710655.000000	20.006475	5549	0.000000
281474976710655.000000	19.891624	5550	0.000000
281474976710655.000000	20.318861	5551	0.000000
281474976710655.000000	21.541809	5552	0.000000
281474976710655.000000	19.501736	5553	0.000000
281474976710655.000000	20.152409	5554	0.000000
281474976710655.000000	19.883635	5555	0.000000
281474976710655.000000	20.190702	5556	0.000000
281474976710655.000000	18.883703	5557	0.000000
281474976710655.000000	20.174383	5558	0.000000
281474976710655.000000	19.136166	5559	0.000000
281474976710655.000000	20.455812	5560	0.000000
281474976710655.000000	19.275276	5561	0.000000
281474976710655.000000	20.153099	5562	0.000000
281474976710655.000000	19.547190	5563	0.000000
281474976710655.000000	20.757172	5564	0.000000
281474976710655.000000	18.727676	5565	0.000000
281474976710655.000000	19.368366	5566	0.000000
281474976710655.000000	19.037676	5567	0.000000
281474976710655.000000	21.392347	5568	0.000000
281474976710655.000000	18.963219	5569	0.000000
281474976710655.000000	19.563299	5570	0.000000
281474976710655.000000	18.318737	5571	0.000000
281474976710655.000000	20.246092	5572	0.000000
281474976710655.000000	18.783081	5573	0.000000
281474976710655.000000	19.889631	5574	0.000000
281474976710655.000000	19.024281	5575	0.000000
281474976710655.000000	19.960012	5576	0.000000
281474976710655.000000	17.902536	5577	0.000000
281474976710655.000000	19.385742	5578	0.000000
281474976710655.000000	18.604895	5579	0.000000
281474976710655.000000	19.543325	5580	0.000000
281474976710655.000000	19.251122	5581	0.000000
281474976710655.000000	19.515362	5582	0.000000
281474976710655.000000	18.955505	5583	0.000000
281474976710655.000000	19.874880	5584	0.000000
281474976710655.000000	18.676104	5585	0.000000
281474976710655.000000	18.696201	5586	0.000000
281474976710655.000000	18.893011	5587	0.000000
281474976710655.000000	19.188826	5588	0.000000
281474976710655.000000	18.330412	5589	0.000000
281474976710655.000000	18.715776	5590	0.000000
281474976710655.000000	17.821161	5591	0.000000
281474976710655.000000	18.960772	5592	0.000000
281474976710655.000000	17.819410	5593	0.000000
281474976710655.000000	19.276463	5594	0.000000
281474976710655.000000	17.463392	5595	0.000000
281474976710655.000000	19.441689	5596	0.000000
281474976710655.000000	19.000546	5597	0.000000
281474976710655.000000	18.064440	5598	0.000000
281474976710655.000000	17.668596	5599	0.000000
281474976710655.000000	19.292942	5600	0.000000
281474976710655.000000	17.650051	5601	0.000000
281474976710655.000000	18.260965	5602	0.000000
281474976710655.000000	17.452114	5603	0.000000
281474976710655.000000	18.173340	5604	0.000000
281474976710655.000000	17.137335	5605	0.000000
281474976710655.000000	17.922941	5606	0.000000
281474976710655.000000	17.184870	5607	0.000000
281474976710655.000000	18.629877	5608	0.000000
281474976710655.000000	17.635815	5609	0.000000
281474976710655.000000	18.810448	5610	0.000000
281474976710655.000000	17.796101	5611	0.000000
281474976710655.000000	18.277895	5612	0.000000
281474976710655.000000	17.892811	5613	0.000000
281474976710655.000000	18.061611	5614	0.000000
281474976710655.000000	17.335367	5615	0.000000
281474976710655.000000	18.722410	5616	0.000000
281474976710655.000000	16.911732	5617	0.000000
281474976710655.000000	18.296200	5618	0.000000
281474976710655.000000	17.031309	5619	0.000000
281474976710655.000000	18.257263	5620	0.000000
281474976710655.000000	16.931690	5621	0.000000
281474976710655.000000	17.803728	5622	0.000000
281474976710655.000000	17.103075	5623	0.000000
281474976710655.000000	18.074888	5624	0.000000
281474976710655.000000	17.237911	5625	0.000000
281474976710655.000000	18.183496	5626	0.000000
281474976710655.000000	17.151142	5627	0.000000
281474976710655.000000	18.304121	5628	0.000000
281474976710655.000000	17.055700	5629	0.000000
281474976710655.000000	17.273533	5630	0.000000
281474976710655.000000	16.490543	5631	0.000000
281474976710655.000000	17.899086	5632	0.000000
281474976710655.000000	16.940660	5633	0.000000
281474976710655.000000	18.219650	5634	0.000000
281474976710655.000000	17.062529	5635	0.000000
281474976710655.000000	17.952440	5636	0.000000
281474976710655.000000	16.418161	5637	0.000000
281474976710655.000000	18.155407	5638	0.000000
281474976710655.000000	16.185001	5639	0.000000
281474976710655.000000	18.153946	5640	0.000000
281474976710655.000000	16.883080	5641	0.000000
281474976710655.000000	17.019148	5642	0.000000
281474976710655.000000	15.844564	5643	0.000000
281474976710655.000000	17.391798	5644	0.000000
281474976710655.000000	17.196421	5645	0.000000
281474976710655.000000	16.742290	5646	0.000000
281474976710655.000000	16.643106	5647	0.000000
281474976710655.000000	16.987274	5648	0.000000
281474976710655.000000	17.137892	5649	0.000000
281474976710655.000000	17.037186	5650	0.000000
281474976710655.000000	16.162781	5651	0.000000
281474976710655.000000	17.003057	5652	0.000000
281474976710655.000000	16.344881	5653	0.000000
281474976710655.000000	16.933668	5654	0.000000
281474976710655.000000	16.197945	5655	0.000000
281474976710655.000000	17.261402	5656	0.000000
281474976710655.000000	15.985508	5657	0.000000
281474976710655.000000	16.719238	5658	0.000000
281474976710655.000000	15.709735	5659	0.000000
281474976710655.000000	17.279444	5660	0.000000
281474976710655.000000	16.436367	5661	0.000000
281474976710655.000000	16.862955	5662	0.000000
281474976710655.000000	16.311827	5663	0.000000
281474976710655.000000	17.105537	5664	0.000000
281474976710655.000000	15.913165	5665	0.000000
281474976710655.000000	16.707136	5666	0.000000
281474976710655.000000	16.049650	5667	0.000000
281474976710655.000000	16.698593	5668	0.000000
281474976710655.000000	15.419518	5669	0.000000
281474976710655.000000	16.372639	5670	0.000000
281474976710655.000000	15.838991	5671	0.000000
281474976710655.000000	16.842060	5672	0.000000
281474976710655.000000	16.198553	5673	0.000000
281474976710655.000000	16.753408	5674	0.000000
281474976710655.000000	15.705658	5675	0.000000
281474976710655.000000	16.493814	5676	0.000000
281474976710655.000000	15.292590	5677	0.000000
281474976710655.000000	16.420534	5678	0.000000
281474976710655.000000	15.611234	5679	0.000000
281474976710655.000000	16.578720	5680	0.000000
281474976710655.000000	15.323758	5681	0.000000
281474976710655.000000	16.384113	5682	0.000000
281474976710655.000000	15.053241	5683	0.000000
281474976710655.000000	16.258223	5684	0.000000
281474976710655.000000	14.829547	5685	0.000000
281474976710655.000000	16.634665	5686	0.000000
281474976710655.000000	15.295834	5687	0.000000
281474976710655.000000	16.173843	5688	0.000000
281474976710655.000000	15.221901	5689	0.000000
281474976710655.000000	16.304058	5690	0.000000
281474976710655.000000	15.577266	5691	0.000000
281474976710655.000000	15.998857	5692	0.000000
281474976710655.000000	14.750443	5693	0.000000
281474976710655.000000	16.029966	5694	0.000000
281474976710655.000000	14.971643	5695	0.000000
281474976710655.000000	15.818371	5696	0.000000
281474976710655.000000	14.590842	5697	0.000000
281474976710655.000000	15.557153	5698	0.000000
281474976710655.000000	14.789776	5699	0.000000
281474976710655.000000	15.443069	5700	0.000000
281474976710655.000000	14.950216	5701	0.000000
281474976710655.000000	16.110964	5702	0.000000
281474976710655.000000	14.804957	5703	0.000000
281474976710655.000000	15.532785	5704	0.000000
281474976710655.000000	14.658985	5705	0.000000
281474976710655.000000	15.628107	5706	0.000000
281474976710655.000000	14.619590	5707	0.000000
281474976710655.000000	15.632925	5708	0.000000
281474976710655.000000	14.894331	5709	0.000000
281474976710655.000000	15.528233	5710	0.000000
281474976710655.000000	14.554519	5711	0.000000
281474976710655.000000	15.281747	5712	0.000000
281474976710655.000000	14.484195	5713	0.000000
281474976710655.000000	15.224179	5714	0.000000
281474976710655.000000	14.065763	5715	0.000000
281474976710655.000000	15.678378	5716	0.000000
281474976710655.000000	14.001826	5717	0.000000
281474976710655.000000	15.855673	5718	0.000000
281474976710655.000000	14.864145	5719	0.000000
281474976710655.000000	15.281593	5720	0.000000
281474976710655.000000	14.156702	5721	0.000000
281474976710655.000000	15.052842	5722	0.000000
281474976710655.000000	14.150772	5723	0.000000
281474976710655.000000	15.098185	5724	0.000000
281474976710655.000000	14.056271	5725	0.000000
281474976710655.000000	14.677103	5726	0.000000
281474976710655.000000	14.236315	5727	0.000000
281474976710655.000000	14.891957	5728	0.000000
281474976710655.000000	13.764653	5729	0.000000
281474976710655.000000	15.179391	5730	0.000000
281474976710655.000000	13.712660	5731	0.000000
281474976710655.000000	15.195278	5732	0.000000
281474976710655.000000	13.757824	5733	0.000000
281474976710655.000000	14.690646	5734	0.000000
281474976710655.000000	13.671120	5735	0.000000
281474976710655.000000	14.670159	5736	0.000000
281474976710655.000000	13.693285	5737	0.000000
281474976710655.000000	14.876102	5738	0.000000
281474976710655.000000	13.479586	5739	0.000000
281474976710655.000000	14.687626	5740	0.000000
281474976710655.000000	13.433575	5741	0.000000
281474976710655.000000	14.950083	5742	0.000000
281474976710655.000000	13.498026	5743	0.000000
281474976710655.000000	14.347205	5744	0.000000
281474976710655.000000	13.241178	5745	0.000000
281474976710655.000000	14.455548	5746	0.000000
281474976710655.000000	13.160798	5747	0.000000
281474976710655.000000	14.575249	5748	0.000000
281474976710655.000000	13.195465	5749	0.000000
281474976710655.000000	14.370188	5750	0.000000
281474976710655.000000	12.931501	5751	0.000000
281474976710655.000000	14.308824	5752	0.000000
281474976710655.000000	13.089501	5753	0.000000
281474976710655.000000	14.182664	5754	0.000000
281474976710655.000000	13.041280	5755	0.000000
281474976710655.000000	14.189474	5756	0.000000
281474976710655.000000	13.030043	5757	0.000000
281474976710655.000000	13.710996	5758	0.000000
281474976710655.000000	13.156321	5759	0.000000
281474976710655.000000	14.097734	5760	0.000000
281474976710655.000000	12.473594	5761	0.000000
281474976710655.000000	14.393144	5762	0.000000
281474976710655.000000	12.783832	5763	0.000000
281474976710655.000000	14.021282	5764	0.000000
281474976710655.000000	12.810015	5765	0.000000
281474976710655.000000	13.698578	5766	0.000000
281474976710655.000000	12.891088	5767	0.000000
281474976710655.000000	14.065286	5768	0.000000
281474976710655.000000	12.778575	5769	0.000000
281474976710655.000000	13.987744	5770	0.000000
281474976710655.000000	12.525285	5771	0.000000
281474976710655.000000	14.062884	5772	0.000000
281474976710655.000000	12.712185	5773	0.000000
281474976710655.000000	14.236958	5774	0.000000
281474976710655.000000	12.431215	5775	0.000000
281474976710655.000000	14.103135	5776	0.000000
281474976710655.000000	12.079177	5777	0.000000
281474976710655.000000	14.049214	5778	0.000000
281474976710655.000000	12.438060	5779	0.000000
281474976710655.000000	13.479330	5780	0.000000
281474976710655.000000	12.526436	5781	0.000000
281474976710655.000000	13.698441	5782	0.000000
281474976710655.000000	12.303902	5783	0.000000
281474976710655.000000	13.859577	5784	0.000000
281474976710655.000000	12.221955	5785	0.000000
281474976710655.000000	13.759241	5786	0.000000
281474976710655.000000	12.158292	5787	0.000000
281474976710655.000000	14.225043	5788	0.000000
281474976710655.000000	12.563616	5789	0.000000
281474976710655.000000	13.488014	5790	0.000000
281474976710655.000000	12.402297	5791	0.000000
281474976710655.000000	13.034616	5792	0.000000
281474976710655.000000	11.763733	5793	0.000000
281474976710655.000000	13.381943	5794	0.000000
281474976710655.000000	12.066387	5795	0.000000
281474976710655.000000	12.890490	5796	0.000000
281474976710655.000000	12.000184	5797	0.000000
281474976710655.000000	13.008400	5798	0.000000
281474976710655.000000	12.057362	5799	0.000000
281474976710655.000000	13.585777	5800	0.000000
281474976710655.000000	12.058868	5801	0.000000
281474976710655.000000	12.944262	5802	0.000000
281474976710655.000000	11.802123	5803	0.000000
281474976710655.000000	12.782747	5804	0.000000
281474976710655.000000	11.709767	5805	0.000000
281474976710655.000000	13.053963	5806	0.000000
281474976710655.000000	11.965498	5807	0.000000
281474976710655.000000	12.955673	5808	0.000000
281474976710655.000000	11.795074	5809	0.000000
281474976710655.000000	12.913178	5810	0.000000
281474976710655.000000	11.689293	5811	0.000000
281474976710655.000000	12.932076	5812	0.000000
281474976710655.000000	11.435246	5813	0.000000
281474976710655.000000	12.614251	5814	0.000000
281474976710655.000000	11.577663	5815	0.000000
281474976710655.000000	12.893704	5816	0.000000
281474976710655.000000	11.503132	5817	0.000000
281474976710655.000000	12.626094	5818	0.000000
281474976710655.000000	11.267932	5819	0.000000
281474976710655.000000	12.728539	5820	0.000000
281474976710655.000000	11.267435	5821	0.000000
281474976710655.000000	12.425136	5822	0.000000
281474976710655.000000	11.346848	5823	0.000000
281474976710655.000000	12.826829	5824	0.000000
281474976710655.000000	11.321872	5825	0.000000
281474976710655.000000	12.578258	5826	0.000000
281474976710655.000000	11.211212	5827	0.000000
281474976710655.000000	12.725760	5828	0.000000
281474976710655.000000	11.221108	5829	0.000000
281474976710655.000000	12.353236	5830	0.000000
281474976710655.000000	11.122463	5831	0.000000
281474976710655.000000	12.652982	5832	0.000000
281474976710655.000000	11.092392	5833	0.000000
281474976710655.000000	12.317459	5834	0.000000
281474976710655.000000	10.950157	5835	0.000000
281474976710655.000000	12.402241	5836	0.000000
281474976710655.000000	10.885362	5837	0.000000
281474976710655.000000	12.238870	5838	0.000000
281474976710655.000000	11.003419	5839	0.000000
281474976710655.000000	12.309937	5840	0.000000
281474976710655.000000	11.042229	5841	0.000000
281474976710655.000000	12.160697	5842	0.000000
281474976710655.000000	10.890819	5843	0.000000
281474976710655.000000	11.748333	5844	0.000000
281474976710655.000000	10.851803	5845	0.000000
281474976710655.000000	12.159984	5846	0.000000
281474976710655.000000	10.975314	5847	0.000000
281474976710655.000000	11.894688	5848	0.000000
281474976710655.000000	10.845998	5849	0.000000
281474976710655.000000	11.958776	5850	0.000000
281474976710655.000000	10.809139	5851	0.000000
281474976710655.000000	11.960516	5852	0.000000
281474976710655.000000	10.838449	5853	0.000000
281474976710655.000000	11.767611	5854	0.000000
281474976710655.000000	10.731991	5855	0.000000
281474976710655.000000	11.702186	5856	0.000000
281474976710655.000000	10.658433	5857	0.000000
281474976710655.000000	11.801704	5858	0.000000
281474976710655.000000	10.454380	5859	0.000000
281474976710655.000000	11.822524	5860	0.000000
281474976710655.000000	10.420801	5861	0.000000
281474976710655.000000	11.733958	5862	0.000000
281474976710655.000000	10.575886	5863	0.000000
281474976710655.000000	11.496481	5864	0.000000
281474976710655.000000	10.357946	5865	0.000000
281474976710655.000000	11.638391	5866	0.000000
281474976710655.000000	10.327280	5867	0.000000
281474976710655.000000	11.425336	5868	0.000000
281474976710655.000000	10.306866	5869	0.000000
281474976710655.000000	11.472807	5870	0.000000
281474976710655.000000	10.157730	5871	0.000000
281474976710655.000000	11.477185	5872	0.000000
281474976710655.000000	10.263470	5873	0.000000
281474976710655.000000	11.518921	5874	0.000000
281474976710655.000000	10.212536	5875	0.000000
281474976710655.000000	11.366237	5876	0.000000
281474976710655.000000	10.130077	5877	0.000000
281474976710655.000000	11.269333	5878	0.000000
281474976710655.000000	9.948863	5879	0.000000
281474976710655.000000	11.401775	5880	0.000000
281474976710655.000000	10.232220	5881	0.000000
281474976710655.000000	11.372728	5882	0.000000
281474976710655.000000	9.969189	5883	0.000000
281474976710655.000000	11.092681	5884	0.000000
281474976710655.000000	9.832632	5885	0.000000
281474976710655.000000	11.263719	5886	0.000000
281474976710655.000000	9.848588	5887	0.000000
281474976710655.000000	11.127061	5888	0.000000
281474976710655.000000	10.103544	5889	0.000000
281474976710655.000000	11.090364	5890	0.000000
281474976710655.000000	9.884902	5891	0.000000
281474976710655.000000	11.023374	5892	0.000000
281474976710655.000000	9.913569	5893	0.000000
281474976710655.000000	10.902504	5894	0.000000
281474976710655.000000	9.941374	5895	0.000000
281474976710655.000000	10.869617	5896	0.000000
281474976710655.000000	9.788369	5897	0.000000
281474976710655.000000	10.742865	5898	0.000000
281474976710655.000000	9.560773	5899	0.000000
281474976710655.000000	10.791994	5900	0.000000
281474976710655.000000	9.577954	5901	0.000000
281474976710655.000000	10.609418	5902	0.000000
281474976710655.000000	9.552085	5903	0.000000
281474976710655.000000	10.724250	5904	0.000000
281474976710655.000000	9.688709	5905	0.000000
281474976710655.000000	10.515141	5906	0.000000
281474976710655.000000	9.680035	5907	0.000000
281474976710655.000000	10.768444	5908	0.000000
281474976710655.000000	9.692029	5909	0.000000
281474976710655.000000	10.689981	5910	0.000000
281474976710655.000000	9.390373	5911	0.000000
281474976710655.000000	10.502871	5912	0.000000
281474976710655.000000	9.534721	5913	0.000000
281474976710655.000000	10.483818	5914	0.000000
281474976710655.000000	9.525723	5915	0.000000
281474976710655.000000	10.560337	5916	0.000000
281474976710655.000000	9.481767	5917	0.000000
281474976710655.000000	10.528792	5918	0.000000
281474976710655.000000	9.366945	5919	0.000000
281474976710655.000000	10.387160	5920	0.000000
281474976710655.000000	9.298185	5921	0.000000
281474976710655.000000	10.298517	5922	0.000000
281474976710655.000000	9.323533	5923	0.000000
281474976710655.000000	10.335193	5924	0.000000
281474976710655.000000	9.351398	5925	0.000000
281474976710655.000000	10.377868	5926	0.000000
281474976710655.000000	9.227942	5927	0.000000
281474976710655.000000	10.239546	5928	0.000000
281474976710655.000000	9.042681	5929	0.000000
281474976710655.000000	10.334072	5930	0.000000
281474976710655.000000	9.099045	5931	0.000000
281474976710655.000000	10.182699	5932	0.000000
281474976710655.000000	9.108416	5933	0.000000
281474976710655.000000	10.096667	5934	0.000000
281474976710655.000000	8.999373	5935	0.000000
281474976710655.000000	10.019238	5936	0.000000
281474976710655.000000	9.034306	5937	0.000000
281474976710655.000000	10.309097	5938	0.000000
281474976710655.000000	8.909215	5939	0.000000
281474976710655.000000	9.979678	5940	0.000000
281474976710655.000000	9.012907	5941	0.000000
281474976710655.000000	10.141376	5942	0.000000
281474976710655.000000	8.917750	5943	0.000000
281474976710655.000000	9.847176	5944	0.000000
281474976710655.000000	8.923151	5945	0.000000
281474976710655.000000	9.988444	5946	0.000000
281474976710655.000000	8.881282	5947	0.000000
281474976710655.000000	9.843400	5948	0.000000
281474976710655.000000	8.753005	5949	0.000000
281474976710655.000000	9.969799	5950	0.000000
281474976710655.000000	8.713041	5951	0.000000
281474976710655.000000	9.810415	5952	0.000000
281474976710655.000000	8.787922	5953	0.000000
281474976710655.000000	9.790000	5954	0.000000
281474976710655.000000	8.580240	5955	0.000000
281474976710655.000000	9.922356	5956	0.000000
281474976710655.000000	8.714375	5957	0.000000
281474976710655.000000	9.698297	5958	0.000000
281474976710655.000000	8.698215	5959	0.000000
281474976710655.000000	9.606694	5960	0.000000
281474976710655.000000	8.770940	5961	0.000000
281474976710655.000000	9.789240	5962	0.000000
281474976710655.000000	8.587089	5963	0.000000
281474976710655.000000	9.568377	5964	0.000000
281474976710655.000000	8.644881	5965	0.000000
281474976710655.000000	9.570999	5966	0.000000
281474976710655.000000	8.406813	5967	0.000000
281474976710655.000000	9.714814	5968	0.000000
281474976710655.000000	8.482116	5969	0.000000
281474976710655.000000	9.457547	5970	0.000000
281474976710655.000000	8.590192	5971	0.000000
281474976710655.000000	9.430763	5972	0.000000
281474976710655.000000	8.507277	5973	0.000000
281474976710655.000000	9.126657	5974	0.000000
281474976710655.000000	8.472579	5975	0.000000
281474976710655.000000	9.430405	5976	0.000000
281474976710655.000000	8.373114	5977	0.000000
281474976710655.000000	9.498358	5978	0.000000
281474976710655.000000	8.373489	5979	0.000000
281474976710655.000000	9.474094	5980	0.000000
281474976710655.000000	8.495925	5981	0.000000
281474976710655.000000	9.320770	5982	0.000000
281474976710655.000000	8.323165	5983	0.000000
281474976710655.000000	9.352275	5984	0.000000
281474976710655.000000	8.098339	5985	0.000000
281474976710655.000000	9.359768	5986	0.000000
281474976710655.000000	8.272701	5987	0.000000
281474976710655.000000	9.043180	5988	0.000000
281474976710655.000000	8.293746	5989	0.000000
281474976710655.000000	9.167039	5990	0.000000
281474976710655.000000	8.111018	5991	0.000000
281474976710655.000000	9.068615	5992	0.000000
281474976710655.000000	8.064823	5993	0.000000
281474976710655.000000	9.204795	5994	0.000000
281474976710655.000000	8.021332	5995	0.000000
281474976710655.000000	9.139369	5996	0.000000
281474976710655.000000	8.015038	5997	0.000000
281474976710655.000000	9.116263	5998	0.000000
281474976710655.000000	8.022228	5999	0.000000
281474976710655.000000	8.915155	6000	0.000000
281474976710655.000000	8.037758	6001	0.000000
281474976710655.000000	9.121085	6002	0.000000
281474976710655.000000	7.911169	6003	0.000000
281474976710655.000000	8.914288	6004	0.000000
281474976710655.000000	8.016684	6005	0.000000
281474976710655.000000	8.884361	6006	0.000000
281474976710655.000000	7.953675	6007	0.000000
281474976710655.000000	8.833710	6008	0.000000
281474976710655.000000	7.891474	6009	0.000000
281474976710655.000000	9.002302	6010	0.000000
281474976710655.000000	7.829360	6011	0.000000
281474976710655.000000	8.858503	6012	0.000000
281474976710655.000000	7.782181	6013	0.000000
281474976710655.000000	9.003160	6014	0.000000
281474976710655.000000	7.791264	6015	0.000000
281474976710655.000000	8.871495	6016	0.000000
281474976710655.000000	7.759791	6017	0.000000
281474976710655.000000	8.821909	6018	0.000000
281474976710655.000000	7.750754	6019	0.000000
281474976710655.000000	8.786269	6020	0.000000
281474976710655.000000	7.742899	6021	0.000000
281474976710655.000000	8.685945	6022	0.000000
281474976710655.000000	7.721110	6023	0.000000
281474976710655.000000	8.577792	6024	0.000000
281474976710655.000000	7.731678	6025	0.000000
281474976710655.000000	8.638559	6026	0.000000
281474976710655.000000	7.623557	6027	0.000000
281474976710655.000000	8.650949	6028	0.000000
281474976710655.000000	7.665927	6029	0.000000
281474976710655.000000	8.551712	6030	0.000000
281474976710655.000000	7.703665	6031	0.000000
281474976710655.000000	8.450723	6032	0.000000
281474976710655.000000	7.650033	6033	0.000000
281474976710655.000000	8.472881	6034	0.000000
281474976710655.000000	7.551359	6035	0.000000
281474976710655.000000	8.530673	6036	0.000000
281474976710655.000000	7.540881	6037	0.000000
281474976710655.000000	8.372314	6038	0.000000
281474976710655.000000	7.562238	6039	0.000000
281474976710655.000000	8.385068	6040	0.000000
281474976710655.000000	7.503823	6041	0.000000
281474976710655.000000	8.342706	6042	0.000000
281474976710655.000000	7.466066	6043	0.000000
281474976710655.000000	8.266938	6044	0.000000
281474976710655.000000	7.512105	6045	0.000000
281474976710655.000000	8.282728	6046	0.000000
281474976710655.000000	7.495660	6047	0.000000
281474976710655.000000	8.311803	6048	0.000000
281474976710655.000000	7.377349	6049	0.000000
281474976710655.000000	8.277077	6050	0.000000
281474976710655.000000	7.382792	6051	0.000000
281474976710655.000000	8.191340	6052	0.000000
281474976710655.000000	7.398947	6053	0.000000
281474976710655.000000	8.185995	6054	0.000000
281474976710655.000000	7.253478	6055	0.000000
281474976710655.000000	8.172771	6056	0.000000
281474976710655.000000	7.383690	6057	0.000000
281474976710655.000000	8.030065	6058	0.000000
281474976710655.000000	7.297956	6059	0.000000
281474976710655.000000	8.108458	6060	0.000000
281474976710655.000000	7.203593	6061	0.000000
281474976710655.000000	8.092621	6062	0.000000
281474976710655.000000	7.227162	6063	0.000000
281474976710655.000000	8.023565	6064	0.000000
281474976710655.000000	7.118758	6065	0.000000
281474976710655.000000	8.014197	6066	0.000000
281474976710655.000000	7.135569	6067	0.000000
281474976710655.000000	7.984170	6068	0.000000
281474976710655.000000	7.175107	6069	0.000000
281474976710655.000000	8.083230	6070	0.000000
281474976710655.000000	7.078304	6071	0.000000
281474976710655.000000	7.932801	6072	0.000000
281474976710655.000000	7.095424	6073	0.000000
281474976710655.000000	7.898958	6074	0.000000
281474976710655.000000	7.078279	6075	0.000000
281474976710655.000000	7.795866	6076	0.000000
281474976710655.000000	7.022560	6077	0.000000
281474976710655.000000	7.867220	6078	0.000000
281474976710655.000000	7.001934	6079	0.000000
281474976710655.000000	7.907093	6080	0.000000
281474976710655.000000	7.040843	6081	0.000000
281474976710655.000000	7.906588	6082	0.000000
281474976710655.000000	6.928192	6083	0.000000
281474976710655.000000	7.759402	6084	0.000000
281474976710655.000000	6.915085	6085	0.000000
281474976710655.000000	7.908964	6086	0.000000
281474976710655.000000	6.943251	6087	0.000000
281474976710655.000000	7.710082	6088	0.000000
281474976710655.000000	6.923129	6089	0.000000
281474976710655.000000	7.810982	6090	0.000000
281474976710655.000000	6.839122	6091	0.000000
281474976710655.000000	7.803832	6092	0.000000
281474976710655.000000	6.890750	6093	0.000000
281474976710655.000000	7.682570	6094	0.000000
281474976710655.000000	6.833442	6095	0.000000
281474976710655.000000	7.725108	6096	0.000000
281474976710655.000000	6.852499	6097	0.000000
281474976710655.000000	7.593100	6098	0.000000
281474976710655.000000	6.741017	6099	0.000000
281474976710655.000000	7.649333	6100	0.000000
281474976710655.000000	6.758489	6101	0.000000
