crossing time (s)	slope (V/s)	crossing number
281474976710655.000000	46.196507	6309	0.000000
281474976710655.000000	54.609600	6310	0.000000
281474976710655.000000	85.842514	6311	0.000000
281474976710655.000000	59.236488	6312	0.000000
281474976710655.000000	53.333374	6313	0.000000
281474976710655.000000	57.133228	6314	0.000000
281474976710655.000000	57.052399	6315	0.000000
281474976710655.000000	54.883484	6316	0.000000
281474976710655.000000	42.091076	6317	0.000000
281474976710655.000000	37.992153	6318	0.000000
281474976710655.000000	54.825951	6319	0.000000
281474976710655.000000	60.221684	6320	0.000000
281474976710655.000000	55.098488	6321	0.000000
281474976710655.000000	54.143276	6322	0.000000
281474976710655.000000	52.005226	6323	0.000000
281474976710655.000000	54.386719	6324	0.000000
281474976710655.000000	55.535866	6325	0.000000
281474976710655.000000	54.058895	6326	0.000000
281474976710655.000000	44.341404	6327	0.000000
281474976710655.000000	42.568382	6328	0.000000
281474976710655.000000	54.249374	6329	0.000000
281474976710655.000000	53.318241	6330	0.000000
281474976710655.000000	54.012199	6331	0.000000
281474976710655.000000	54.696564	6332	0.000000
281474976710655.000000	59.897964	6333	0.000000
281474976710655.000000	41.665462	6334	0.000000
281474976710655.000000	72.820023	6335	0.000000
281474976710655.000000	53.036018	6336	0.000000
281474976710655.000000	82.435814	6337	0.000000
281474976710655.000000	53.804508	6338	0.000000
281474976710655.000000	59.706825	6339	0.000000
281474976710655.000000	52.874813	6340	0.000000
281474976710655.000000	35.478832	6341	0.000000
281474976710655.000000	54.504429	6342	0.000000
281474976710655.000000	72.221039	6343	0.000000
281474976710655.000000	40.383892	6344	0.000000
281474976710655.000000	35.509785	6345	0.000000
281474976710655.000000	59.183132	6346	0.000000
281474976710655.000000	58.270424	6347	0.000000
281474976710655.000000	52.688713	6348	0.000000
281474976710655.000000	71.685913	6349	0.000000
281474976710655.000000	52.311558	6350	0.000000
281474976710655.000000	50.818279	6351	0.000000
281474976710655.000000	59.158913	6352	0.000000
281474976710655.000000	53.043392	6353	0.000000
281474976710655.000000	70.068764	6354	0.000000
281474976710655.000000	39.302753	6355	0.000000
281474976710655.000000	71.627563	6356	0.000000
281474976710655.000000	34.972076	6357	0.000000
281474976710655.000000	50.324203	6358	0.000000
281474976710655.000000	43.022331	6359	0.000000
281474976710655.000000	40.192249	6360	0.000000
281474976710655.000000	42.973740	6361	0.000000
281474976710655.000000	34.929420	6362	0.000000
281474976710655.000000	50.218067	6363	0.000000
281474976710655.000000	56.883175	6364	0.000000
281474976710655.000000	50.477318	6365	0.000000
281474976710655.000000	56.139206	6366	0.000000
281474976710655.000000	57.603054	6367	0.000000
281474976710655.000000	41.919449	6368	0.000000
281474976710655.000000	49.878716	6369	0.000000
281474976710655.000000	39.600163	6370	0.000000
281474976710655.000000	51.293598	6371	0.000000
281474976710655.000000	56.626083	6372	0.000000
281474976710655.000000	50.434326	6373	0.000000
281474976710655.000000	56.296314	6374	0.000000
281474976710655.000000	39.126179	6375	0.000000
281474976710655.000000	49.713936	6376	0.000000
281474976710655.000000	48.957592	6377	0.000000
281474976710655.000000	41.245682	6378	0.000000
281474976710655.000000	37.966156	6379	0.000000
281474976710655.000000	56.886959	6380	0.000000
281474976710655.000000	39.150677	6381	0.000000
281474976710655.000000	38.678043	6382	0.000000
281474976710655.000000	49.444492	6383	0.000000
281474976710655.000000	48.283241	6384	0.000000
281474976710655.000000	48.996216	6385	0.000000
281474976710655.000000	56.544857	6386	0.000000
281474976710655.000000	50.018776	6387	0.000000
281474976710655.000000	67.498657	6388	0.000000
281474976710655.000000	41.071377	6389	0.000000
281474976710655.000000	49.119793	6390	0.000000
281474976710655.000000	54.649090	6391	0.000000
281474976710655.000000	38.384872	6392	0.000000
281474976710655.000000	33.632244	6393	0.000000
281474976710655.000000	54.001480	6394	0.000000
281474976710655.000000	37.651901	6395	0.000000
281474976710655.000000	67.275154	6396	0.000000
281474976710655.000000	40.569038	6397	0.000000
281474976710655.000000	48.320789	6398	0.000000
281474976710655.000000	66.907532	6399	0.000000
281474976710655.000000	53.812656	6400	0.000000
281474976710655.000000	64.193115	6401	0.000000
281474976710655.000000	49.925926	6402	0.000000
281474976710655.000000	32.918938	6403	0.000000
281474976710655.000000	46.311310	6404	0.000000
281474976710655.000000	47.516277	6405	0.000000
281474976710655.000000	54.641098	6406	0.000000
281474976710655.000000	53.096905	6407	0.000000
281474976710655.000000	48.395271	6408	0.000000
281474976710655.000000	55.009434	6409	0.000000
281474976710655.000000	46.538025	6410	0.000000
281474976710655.000000	48.448967	6411	0.000000
281474976710655.000000	42.631020	6412	0.000000
281474976710655.000000	39.589943	6413	0.000000
281474976710655.000000	74.880318	6414	0.000000
281474976710655.000000	49.055695	6415	0.000000
281474976710655.000000	63.834309	6416	0.000000
281474976710655.000000	35.912064	6417	0.000000
281474976710655.000000	45.754097	6418	0.000000
281474976710655.000000	47.704990	6419	0.000000
281474976710655.000000	51.831532	6420	0.000000
281474976710655.000000	36.329887	6421	0.000000
281474976710655.000000	52.299706	6422	0.000000
281474976710655.000000	44.470112	6423	0.000000
281474976710655.000000	54.009586	6424	0.000000
281474976710655.000000	64.252541	6425	0.000000
281474976710655.000000	56.828941	6426	0.000000
281474976710655.000000	70.829117	6427	0.000000
281474976710655.000000	46.286301	6428	0.000000
281474976710655.000000	43.566841	6429	0.000000
281474976710655.000000	61.290039	6430	0.000000
281474976710655.000000	44.543221	6431	0.000000
281474976710655.000000	36.089794	6432	0.000000
281474976710655.000000	44.810455	6433	0.000000
281474976710655.000000	35.993034	6434	0.000000
281474976710655.000000	38.882927	6435	0.000000
281474976710655.000000	50.674713	6436	0.000000
281474976710655.000000	39.642368	6437	0.000000
281474976710655.000000	46.880272	6438	0.000000
281474976710655.000000	38.966339	6439	0.000000
281474976710655.000000	44.167183	6440	0.000000
281474976710655.000000	34.984314	6441	0.000000
281474976710655.000000	44.645222	6442	0.000000
281474976710655.000000	37.864086	6443	0.000000
281474976710655.000000	45.021469	6444	0.000000
281474976710655.000000	46.212597	6445	0.000000
281474976710655.000000	42.404461	6446	0.000000
281474976710655.000000	61.377640	6447	0.000000
281474976710655.000000	64.581993	6448	0.000000
281474976710655.000000	38.535175	6449	0.000000
281474976710655.000000	45.498341	6450	0.000000
281474976710655.000000	44.478542	6451	0.000000
281474976710655.000000	45.360355	6452	0.000000
281474976710655.000000	48.688915	6453	0.000000
281474976710655.000000	47.208874	6454	0.000000
281474976710655.000000	40.078789	6455	0.000000
281474976710655.000000	37.719032	6456	0.000000
281474976710655.000000	54.508663	6457	0.000000
281474976710655.000000	43.725212	6458	0.000000
281474976710655.000000	47.320145	6459	0.000000
281474976710655.000000	36.655430	6460	0.000000
281474976710655.000000	44.687862	6461	0.000000
281474976710655.000000	45.675465	6462	0.000000
281474976710655.000000	41.561131	6463	0.000000
281474976710655.000000	46.223331	6464	0.000000
281474976710655.000000	44.399746	6465	0.000000
281474976710655.000000	37.297733	6466	0.000000
281474976710655.000000	44.111099	6467	0.000000
281474976710655.000000	43.977367	6468	0.000000
281474976710655.000000	45.966228	6469	0.000000
281474976710655.000000	54.381039	6470	0.000000
281474976710655.000000	58.864597	6471	0.000000
281474976710655.000000	42.501041	6472	0.000000
281474976710655.000000	45.182091	6473	0.000000
281474976710655.000000	43.050671	6474	0.000000
281474976710655.000000	36.740326	6475	0.000000
281474976710655.000000	37.072922	6476	0.000000
281474976710655.000000	43.658600	6477	0.000000
281474976710655.000000	38.746326	6478	0.000000
281474976710655.000000	41.663254	6479	0.000000
281474976710655.000000	48.630825	6480	0.000000
281474976710655.000000	37.343811	6481	0.000000
281474976710655.000000	54.619911	6482	0.000000
281474976710655.000000	48.461346	6483	0.000000
281474976710655.000000	53.060112	6484	0.000000
281474976710655.000000	44.775715	6485	0.000000
281474976710655.000000	43.618946	6486	0.000000
281474976710655.000000	35.398315	6487	0.000000
281474976710655.000000	44.867825	6488	0.000000
281474976710655.000000	43.204380	6489	0.000000
281474976710655.000000	35.728947	6490	0.000000
281474976710655.000000	46.482452	6491	0.000000
281474976710655.000000	36.225151	6492	0.000000
281474976710655.000000	48.413486	6493	0.000000
281474976710655.000000	40.087025	6494	0.000000
281474976710655.000000	38.406532	6495	0.000000
281474976710655.000000	41.257023	6496	0.000000
281474976710655.000000	46.839703	6497	0.000000
281474976710655.000000	43.349014	6498	0.000000
281474976710655.000000	41.210014	6499	0.000000
281474976710655.000000	43.194267	6500	0.000000
281474976710655.000000	42.412155	6501	0.000000
281474976710655.000000	44.234688	6502	0.000000
281474976710655.000000	55.058170	6503	0.000000
281474976710655.000000	35.261467	6504	0.000000
281474976710655.000000	46.741302	6505	0.000000
281474976710655.000000	41.745033	6506	0.000000
281474976710655.000000	41.196777	6507	0.000000
281474976710655.000000	43.670895	6508	0.000000
281474976710655.000000	40.090458	6509	0.000000
281474976710655.000000	41.423508	6510	0.000000
281474976710655.000000	42.247173	6511	0.000000
281474976710655.000000	35.331852	6512	0.000000
281474976710655.000000	42.077808	6513	0.000000
281474976710655.000000	56.518673	6514	0.000000
281474976710655.000000	41.680172	6515	0.000000
281474976710655.000000	45.660366	6516	0.000000
281474976710655.000000	34.730465	6517	0.000000
281474976710655.000000	43.208458	6518	0.000000
281474976710655.000000	36.030827	6519	0.000000
281474976710655.000000	41.006344	6520	0.000000
281474976710655.000000	42.021088	6521	0.000000
281474976710655.000000	34.746349	6522	0.000000
281474976710655.000000	34.051224	6523	0.000000
281474976710655.000000	44.827797	6524	0.000000
281474976710655.000000	35.563709	6525	0.000000
281474976710655.000000	41.079178	6526	0.000000
281474976710655.000000	38.606586	6527	0.000000
281474976710655.000000	37.966049	6528	0.000000
281474976710655.000000	36.762646	6529	0.000000
281474976710655.000000	41.404705	6530	0.000000
281474976710655.000000	39.913609	6531	0.000000
281474976710655.000000	42.573730	6532	0.000000
281474976710655.000000	38.768261	6533	0.000000
281474976710655.000000	40.968246	6534	0.000000
281474976710655.000000	43.482670	6535	0.000000
281474976710655.000000	35.565319	6536	0.000000
281474976710655.000000	38.076157	6537	0.000000
281474976710655.000000	37.738186	6538	0.000000
281474976710655.000000	38.361893	6539	0.000000
281474976710655.000000	39.287502	6540	0.000000
281474976710655.000000	33.301632	6541	0.000000
281474976710655.000000	41.015064	6542	0.000000
281474976710655.000000	37.917736	6543	0.000000
281474976710655.000000	37.690372	6544	0.000000
281474976710655.000000	36.808193	6545	0.000000
281474976710655.000000	38.455795	6546	0.000000
281474976710655.000000	40.441860	6547	0.000000
281474976710655.000000	37.221760	6548	0.000000
281474976710655.000000	39.786522	6549	0.000000
281474976710655.000000	33.231716	6550	0.000000
281474976710655.000000	39.316879	6551	0.000000
281474976710655.000000	43.257893	6552	0.000000
281474976710655.000000	38.915562	6553	0.000000
281474976710655.000000	40.972408	6554	0.000000
281474976710655.000000	40.496414	6555	0.000000
281474976710655.000000	33.955914	6556	0.000000
281474976710655.000000	32.652832	6557	0.000000
281474976710655.000000	38.357224	6558	0.000000
281474976710655.000000	38.274803	6559	0.000000
281474976710655.000000	34.337044	6560	0.000000
281474976710655.000000	36.694275	6561	0.000000
281474976710655.000000	36.114521	6562	0.000000
281474976710655.000000	33.031010	6563	0.000000
281474976710655.000000	43.946117	6564	0.000000
281474976710655.000000	48.070843	6565	0.000000
281474976710655.000000	40.082294	6566	0.000000
281474976710655.000000	33.182213	6567	0.000000
281474976710655.000000	34.174221	6568	0.000000
281474976710655.000000	39.554161	6569	0.000000
281474976710655.000000	39.764275	6570	0.000000
281474976710655.000000	42.529598	6571	0.000000
281474976710655.000000	38.238407	6572	0.000000
281474976710655.000000	37.380791	6573	0.000000
281474976710655.000000	40.037739	6574	0.000000
281474976710655.000000	35.704659	6575	0.000000
281474976710655.000000	37.655735	6576	0.000000
281474976710655.000000	32.389866	6577	0.000000
281474976710655.000000	41.715290	6578	0.000000
281474976710655.000000	40.067818	6579	0.000000
281474976710655.000000	41.394264	6580	0.000000
281474976710655.000000	36.451950	6581	0.000000
281474976710655.000000	36.443542	6582	0.000000
281474976710655.000000	39.364918	6583	0.000000
281474976710655.000000	30.940985	6584	0.000000
281474976710655.000000	40.586563	6585	0.000000
281474976710655.000000	33.529461	6586	0.000000
281474976710655.000000	38.251396	6587	0.000000
281474976710655.000000	34.485786	6588	0.000000
281474976710655.000000	32.299137	6589	0.000000
281474976710655.000000	36.882233	6590	0.000000
281474976710655.000000	32.731007	6591	0.000000
281474976710655.000000	43.352234	6592	0.000000
281474976710655.000000	34.164886	6593	0.000000
281474976710655.000000	35.030590	6594	0.000000
281474976710655.000000	36.246445	6595	0.000000
281474976710655.000000	37.002842	6596	0.000000
281474976710655.000000	32.021667	6597	0.000000
281474976710655.000000	33.932259	6598	0.000000
281474976710655.000000	35.974358	6599	0.000000
281474976710655.000000	40.625523	6600	0.000000
281474976710655.000000	40.078678	6601	0.000000
281474976710655.000000	36.189335	6602	0.000000
281474976710655.000000	35.776711	6603	0.000000
281474976710655.000000	34.424320	6604	0.000000
281474976710655.000000	35.782345	6605	0.000000
281474976710655.000000	44.574066	6606	0.000000
281474976710655.000000	33.631069	6607	0.000000
281474976710655.000000	36.413837	6608	0.000000
281474976710655.000000	31.317915	6609	0.000000
281474976710655.000000	31.207603	6610	0.000000
281474976710655.000000	37.486980	6611	0.000000
281474976710655.000000	39.345669	6612	0.000000
281474976710655.000000	30.880835	6613	0.000000
281474976710655.000000	36.361588	6614	0.000000
281474976710655.000000	31.831373	6615	0.000000
281474976710655.000000	36.710239	6616	0.000000
281474976710655.000000	32.632675	6617	0.000000
281474976710655.000000	42.145725	6618	0.000000
281474976710655.000000	35.728233	6619	0.000000
281474976710655.000000	30.735054	6620	0.000000
281474976710655.000000	38.578991	6621	0.000000
281474976710655.000000	33.320900	6622	0.000000
281474976710655.000000	33.166451	6623	0.000000
281474976710655.000000	33.661064	6624	0.000000
281474976710655.000000	34.963428	6625	0.000000
281474976710655.000000	30.605886	6626	0.000000
281474976710655.000000	35.712452	6627	0.000000
281474976710655.000000	32.050076	6628	0.000000
281474976710655.000000	33.151817	6629	0.000000
281474976710655.000000	30.227415	6630	0.000000
281474976710655.000000	34.317619	6631	0.000000
281474976710655.000000	35.293922	6632	0.000000
281474976710655.000000	31.380358	6633	0.000000
281474976710655.000000	34.227707	6634	0.000000
281474976710655.000000	30.833466	6635	0.000000
281474976710655.000000	37.641529	6636	0.000000
281474976710655.000000	34.846500	6637	0.000000
281474976710655.000000	44.464600	6638	0.000000
281474976710655.000000	34.853828	6639	0.000000
281474976710655.000000	35.247307	6640	0.000000
281474976710655.000000	31.914875	6641	0.000000
281474976710655.000000	38.168381	6642	0.000000
281474976710655.000000	35.117882	6643	0.000000
281474976710655.000000	33.760284	6644	0.000000
281474976710655.000000	34.953503	6645	0.000000
281474976710655.000000	34.488033	6646	0.000000
281474976710655.000000	37.749287	6647	0.000000
281474976710655.000000	33.398720	6648	0.000000
281474976710655.000000	34.416466	6649	0.000000
281474976710655.000000	33.611927	6650	0.000000
281474976710655.000000	30.249002	6651	0.000000
281474976710655.000000	31.034546	6652	0.000000
281474976710655.000000	35.243679	6653	0.000000
281474976710655.000000	29.603071	6654	0.000000
281474976710655.000000	32.905762	6655	0.000000
281474976710655.000000	29.885456	6656	0.000000
281474976710655.000000	35.294682	6657	0.000000
281474976710655.000000	29.748959	6658	0.000000
281474976710655.000000	34.466808	6659	0.000000
281474976710655.000000	33.687523	6660	0.000000
281474976710655.000000	33.596527	6661	0.000000
281474976710655.000000	33.154510	6662	0.000000
281474976710655.000000	33.830414	6663	0.000000
281474976710655.000000	29.703878	6664	0.000000
281474976710655.000000	36.883041	6665	0.000000
281474976710655.000000	27.577520	6666	0.000000
281474976710655.000000	27.857491	6667	0.000000
281474976710655.000000	27.427135	6668	0.000000
281474976710655.000000	30.150560	6669	0.000000
281474976710655.000000	39.486965	6670	0.000000
281474976710655.000000	30.938931	6671	0.000000
281474976710655.000000	27.866518	6672	0.000000
281474976710655.000000	34.181011	6673	0.000000
281474976710655.000000	30.514086	6674	0.000000
281474976710655.000000	36.182350	6675	0.000000
281474976710655.000000	35.157722	6676	0.000000
281474976710655.000000	31.340729	6677	0.000000
281474976710655.000000	32.690865	6678	0.000000
281474976710655.000000	27.760134	6679	0.000000
281474976710655.000000	30.323586	6680	0.000000
281474976710655.000000	31.765266	6681	0.000000
281474976710655.000000	34.582745	6682	0.000000
281474976710655.000000	31.368750	6683	0.000000
281474976710655.000000	33.035233	6684	0.000000
281474976710655.000000	31.325563	6685	0.000000
281474976710655.000000	31.901249	6686	0.000000
281474976710655.000000	32.955978	6687	0.000000
281474976710655.000000	31.911133	6688	0.000000
281474976710655.000000	32.089378	6689	0.000000
281474976710655.000000	32.431583	6690	0.000000
281474976710655.000000	27.306171	6691	0.000000
281474976710655.000000	31.481039	6692	0.000000
281474976710655.000000	35.831753	6693	0.000000
281474976710655.000000	29.108553	6694	0.000000
281474976710655.000000	31.508617	6695	0.000000
281474976710655.000000	30.143005	6696	0.000000
281474976710655.000000	27.900410	6697	0.000000
281474976710655.000000	36.514446	6698	0.000000
281474976710655.000000	28.843462	6699	0.000000
281474976710655.000000	31.636431	6700	0.000000
281474976710655.000000	34.288338	6701	0.000000
281474976710655.000000	31.460066	6702	0.000000
281474976710655.000000	35.436401	6703	0.000000
281474976710655.000000	31.518599	6704	0.000000
281474976710655.000000	29.669289	6705	0.000000
281474976710655.000000	30.303661	6706	0.000000
281474976710655.000000	30.504749	6707	0.000000
281474976710655.000000	35.025227	6708	0.000000
281474976710655.000000	31.091105	6709	0.000000
281474976710655.000000	28.431204	6710	0.000000
281474976710655.000000	30.998411	6711	0.000000
281474976710655.000000	29.960962	6712	0.000000
281474976710655.000000	30.745527	6713	0.000000
281474976710655.000000	31.823473	6714	0.000000
281474976710655.000000	30.366140	6715	0.000000
281474976710655.000000	28.738735	6716	0.000000
281474976710655.000000	27.332201	6717	0.000000
281474976710655.000000	27.869255	6718	0.000000
281474976710655.000000	30.711990	6719	0.000000
281474976710655.000000	26.979841	6720	0.000000
281474976710655.000000	31.500345	6721	0.000000
281474976710655.000000	31.577497	6722	0.000000
281474976710655.000000	31.379711	6723	0.000000
281474976710655.000000	28.112638	6724	0.000000
281474976710655.000000	30.241270	6725	0.000000
281474976710655.000000	28.211596	6726	0.000000
281474976710655.000000	27.986340	6727	0.000000
281474976710655.000000	28.726990	6728	0.000000
281474976710655.000000	27.980680	6729	0.000000
281474976710655.000000	28.294954	6730	0.000000
281474976710655.000000	27.367701	6731	0.000000
281474976710655.000000	28.163830	6732	0.000000
281474976710655.000000	27.569124	6733	0.000000
281474976710655.000000	29.353851	6734	0.000000
281474976710655.000000	30.989973	6735	0.000000
281474976710655.000000	28.142891	6736	0.000000
281474976710655.000000	28.056921	6737	0.000000
281474976710655.000000	28.546888	6738	0.000000
281474976710655.000000	30.476105	6739	0.000000
281474976710655.000000	31.777742	6740	0.000000
281474976710655.000000	31.657429	6741	0.000000
281474976710655.000000	27.709837	6742	0.000000
281474976710655.000000	27.937052	6743	0.000000
281474976710655.000000	27.146544	6744	0.000000
281474976710655.000000	26.990051	6745	0.000000
281474976710655.000000	28.630241	6746	0.000000
281474976710655.000000	26.378817	6747	0.000000
281474976710655.000000	27.471832	6748	0.000000
281474976710655.000000	26.719072	6749	0.000000
281474976710655.000000	27.355486	6750	0.000000
281474976710655.000000	26.110550	6751	0.000000
281474976710655.000000	26.251892	6752	0.000000
281474976710655.000000	27.276434	6753	0.000000
281474976710655.000000	29.367689	6754	0.000000
281474976710655.000000	28.608767	6755	0.000000
281474976710655.000000	28.728605	6756	0.000000
281474976710655.000000	29.456402	6757	0.000000
281474976710655.000000	26.049849	6758	0.000000
281474976710655.000000	28.252436	6759	0.000000
281474976710655.000000	29.992996	6760	0.000000
281474976710655.000000	29.719189	6761	0.000000
281474976710655.000000	26.284374	6762	0.000000
281474976710655.000000	26.241879	6763	0.000000
281474976710655.000000	34.016777	6764	0.000000
281474976710655.000000	25.317524	6765	0.000000
281474976710655.000000	27.705305	6766	0.000000
281474976710655.000000	27.068956	6767	0.000000
281474976710655.000000	30.600832	6768	0.000000
281474976710655.000000	27.427467	6769	0.000000
281474976710655.000000	25.844254	6770	0.000000
281474976710655.000000	26.674446	6771	0.000000
281474976710655.000000	28.650446	6772	0.000000
281474976710655.000000	27.539824	6773	0.000000
281474976710655.000000	29.209511	6774	0.000000
281474976710655.000000	27.698423	6775	0.000000
281474976710655.000000	25.881050	6776	0.000000
281474976710655.000000	28.054844	6777	0.000000
281474976710655.000000	26.090633	6778	0.000000
281474976710655.000000	26.990931	6779	0.000000
281474976710655.000000	27.921621	6780	0.000000
281474976710655.000000	27.705801	6781	0.000000
281474976710655.000000	26.010708	6782	0.000000
281474976710655.000000	25.295307	6783	0.000000
281474976710655.000000	27.084137	6784	0.000000
281474976710655.000000	28.320381	6785	0.000000
281474976710655.000000	27.068987	6786	0.000000
281474976710655.000000	28.234118	6787	0.000000
281474976710655.000000	28.394577	6788	0.000000
281474976710655.000000	25.540861	6789	0.000000
281474976710655.000000	27.088779	6790	0.000000
281474976710655.000000	24.889801	6791	0.000000
281474976710655.000000	27.533524	6792	0.000000
281474976710655.000000	26.888996	6793	0.000000
281474976710655.000000	29.931173	6794	0.000000
281474976710655.000000	27.936134	6795	0.000000
281474976710655.000000	24.896870	6796	0.000000
281474976710655.000000	26.075024	6797	0.000000
281474976710655.000000	29.472069	6798	0.000000
281474976710655.000000	27.846672	6799	0.000000
281474976710655.000000	25.866488	6800	0.000000
281474976710655.000000	26.705599	6801	0.000000
281474976710655.000000	25.169111	6802	0.000000
281474976710655.000000	25.783285	6803	0.000000
281474976710655.000000	27.534840	6804	0.000000
281474976710655.000000	26.350424	6805	0.000000
281474976710655.000000	26.427813	6806	0.000000
281474976710655.000000	27.407822	6807	0.000000
281474976710655.000000	27.437447	6808	0.000000
281474976710655.000000	26.840799	6809	0.000000
281474976710655.000000	26.061459	6810	0.000000
281474976710655.000000	25.728979	6811	0.000000
281474976710655.000000	24.566387	6812	0.000000
281474976710655.000000	24.890251	6813	0.000000
281474976710655.000000	25.132730	6814	0.000000
281474976710655.000000	26.793158	6815	0.000000
281474976710655.000000	25.191214	6816	0.000000
281474976710655.000000	28.558460	6817	0.000000
281474976710655.000000	23.701109	6818	0.000000
281474976710655.000000	25.335783	6819	0.000000
281474976710655.000000	28.479294	6820	0.000000
281474976710655.000000	26.876507	6821	0.000000
281474976710655.000000	23.805254	6822	0.000000
281474976710655.000000	26.193037	6823	0.000000
281474976710655.000000	23.796822	6824	0.000000
281474976710655.000000	27.074705	6825	0.000000
281474976710655.000000	27.945616	6826	0.000000
281474976710655.000000	26.390707	6827	0.000000
281474976710655.000000	23.719040	6828	0.000000
281474976710655.000000	23.582455	6829	0.000000
281474976710655.000000	26.276340	6830	0.000000
281474976710655.000000	25.787865	6831	0.000000
281474976710655.000000	23.236271	6832	0.000000
281474976710655.000000	23.193384	6833	0.000000
281474976710655.000000	26.508472	6834	0.000000
281474976710655.000000	23.792652	6835	0.000000
281474976710655.000000	26.270361	6836	0.000000
281474976710655.000000	24.463661	6837	0.000000
281474976710655.000000	24.774248	6838	0.000000
281474976710655.000000	25.441074	6839	0.000000
281474976710655.000000	26.306808	6840	0.000000
281474976710655.000000	27.195078	6841	0.000000
281474976710655.000000	25.791788	6842	0.000000
281474976710655.000000	26.268293	6843	0.000000
281474976710655.000000	23.501558	6844	0.000000
281474976710655.000000	24.448603	6845	0.000000
281474976710655.000000	23.951630	6846	0.000000
281474976710655.000000	25.333826	6847	0.000000
281474976710655.000000	25.319361	6848	0.000000
281474976710655.000000	24.010115	6849	0.000000
281474976710655.000000	24.764101	6850	0.000000
281474976710655.000000	23.752010	6851	0.000000
281474976710655.000000	24.021402	6852	0.000000
281474976710655.000000	24.872679	6853	0.000000
281474976710655.000000	23.598843	6854	0.000000
281474976710655.000000	25.167671	6855	0.000000
281474976710655.000000	24.315115	6856	0.000000
281474976710655.000000	24.498486	6857	0.000000
281474976710655.000000	24.268618	6858	0.000000
281474976710655.000000	24.648100	6859	0.000000
281474976710655.000000	23.768871	6860	0.000000
281474976710655.000000	24.641748	6861	0.000000
281474976710655.000000	23.780739	6862	0.000000
281474976710655.000000	25.523224	6863	0.000000
281474976710655.000000	23.222975	6864	0.000000
281474976710655.000000	23.342142	6865	0.000000
281474976710655.000000	23.092335	6866	0.000000
281474976710655.000000	23.809050	6867	0.000000
281474976710655.000000	22.480385	6868	0.000000
281474976710655.000000	23.867079	6869	0.000000
281474976710655.000000	24.049519	6870	0.000000
281474976710655.000000	24.082411	6871	0.000000
281474976710655.000000	23.060343	6872	0.000000
281474976710655.000000	22.922783	6873	0.000000
281474976710655.000000	23.352755	6874	0.000000
281474976710655.000000	23.287853	6875	0.000000
281474976710655.000000	24.026943	6876	0.000000
281474976710655.000000	23.452433	6877	0.000000
281474976710655.000000	23.622225	6878	0.000000
281474976710655.000000	25.154636	6879	0.000000
281474976710655.000000	22.735170	6880	0.000000
281474976710655.000000	23.747971	6881	0.000000
281474976710655.000000	23.085770	6882	0.000000
281474976710655.000000	22.030861	6883	0.000000
281474976710655.000000	22.631420	6884	0.000000
281474976710655.000000	25.552467	6885	0.000000
281474976710655.000000	22.767204	6886	0.000000
281474976710655.000000	24.586351	6887	0.000000
281474976710655.000000	23.018229	6888	0.000000
281474976710655.000000	23.063284	6889	0.000000
281474976710655.000000	23.621931	6890	0.000000
281474976710655.000000	22.766626	6891	0.000000
281474976710655.000000	21.325632	6892	0.000000
281474976710655.000000	22.770586	6893	0.000000
281474976710655.000000	22.765667	6894	0.000000
281474976710655.000000	23.166817	6895	0.000000
281474976710655.000000	22.540308	6896	0.000000
281474976710655.000000	21.651245	6897	0.000000
281474976710655.000000	22.496460	6898	0.000000
281474976710655.000000	22.510223	6899	0.000000
281474976710655.000000	21.667454	6900	0.000000
281474976710655.000000	22.858692	6901	0.000000
281474976710655.000000	22.293268	6902	0.000000
281474976710655.000000	24.564764	6903	0.000000
281474976710655.000000	23.251881	6904	0.000000
281474976710655.000000	22.028709	6905	0.000000
281474976710655.000000	21.201315	6906	0.000000
281474976710655.000000	23.496143	6907	0.000000
281474976710655.000000	22.509554	6908	0.000000
281474976710655.000000	21.707357	6909	0.000000
281474976710655.000000	22.702471	6910	0.000000
281474976710655.000000	22.756350	6911	0.000000
281474976710655.000000	22.725443	6912	0.000000
281474976710655.000000	22.083143	6913	0.000000
281474976710655.000000	21.228960	6914	0.000000
281474976710655.000000	21.551182	6915	0.000000
281474976710655.000000	22.505953	6916	0.000000
281474976710655.000000	21.816385	6917	0.000000
281474976710655.000000	22.165981	6918	0.000000
281474976710655.000000	22.807585	6919	0.000000
281474976710655.000000	21.048155	6920	0.000000
281474976710655.000000	22.235046	6921	0.000000
281474976710655.000000	20.731167	6922	0.000000
281474976710655.000000	21.545910	6923	0.000000
281474976710655.000000	21.511023	6924	0.000000
281474976710655.000000	21.799717	6925	0.000000
281474976710655.000000	22.034519	6926	0.000000
281474976710655.000000	23.034822	6927	0.000000
281474976710655.000000	20.605740	6928	0.000000
281474976710655.000000	21.699690	6929	0.000000
281474976710655.000000	21.483353	6930	0.000000
281474976710655.000000	21.520773	6931	0.000000
281474976710655.000000	21.914583	6932	0.000000
281474976710655.000000	21.544502	6933	0.000000
281474976710655.000000	21.277548	6934	0.000000
281474976710655.000000	21.277828	6935	0.000000
281474976710655.000000	20.396559	6936	0.000000
281474976710655.000000	21.644165	6937	0.000000
281474976710655.000000	20.672783	6938	0.000000
281474976710655.000000	22.337002	6939	0.000000
281474976710655.000000	20.812851	6940	0.000000
281474976710655.000000	20.666485	6941	0.000000
281474976710655.000000	20.636276	6942	0.000000
281474976710655.000000	21.243296	6943	0.000000
281474976710655.000000	20.356644	6944	0.000000
281474976710655.000000	20.693153	6945	0.000000
281474976710655.000000	20.169140	6946	0.000000
281474976710655.000000	21.860516	6947	0.000000
281474976710655.000000	20.639168	6948	0.000000
281474976710655.000000	20.871666	6949	0.000000
281474976710655.000000	20.591560	6950	0.000000
281474976710655.000000	21.796227	6951	0.000000
281474976710655.000000	20.587893	6952	0.000000
281474976710655.000000	20.580851	6953	0.000000
281474976710655.000000	20.442131	6954	0.000000
281474976710655.000000	20.637789	6955	0.000000
281474976710655.000000	20.492174	6956	0.000000
281474976710655.000000	21.179430	6957	0.000000
281474976710655.000000	19.668303	6958	0.000000
281474976710655.000000	20.510706	6959	0.000000
281474976710655.000000	19.490936	6960	0.000000
281474976710655.000000	21.072075	6961	0.000000
281474976710655.000000	19.204393	6962	0.000000
281474976710655.000000	20.061653	6963	0.000000
281474976710655.000000	20.759609	6964	0.000000
281474976710655.000000	20.454939	6965	0.000000
281474976710655.000000	20.106316	6966	0.000000
281474976710655.000000	20.422436	6967	0.000000
281474976710655.000000	20.179829	6968	0.000000
281474976710655.000000	20.564493	6969	0.000000
281474976710655.000000	20.056822	6970	0.000000
281474976710655.000000	20.231272	6971	0.000000
281474976710655.000000	19.286301	6972	0.000000
281474976710655.000000	19.642908	6973	0.000000
281474976710655.000000	20.536119	6974	0.000000
281474976710655.000000	21.461479	6975	0.000000
281474976710655.000000	18.980629	6976	0.000000
281474976710655.000000	20.826662	6977	0.000000
281474976710655.000000	19.455980	6978	0.000000
281474976710655.000000	20.044243	6979	0.000000
281474976710655.000000	19.807110	6980	0.000000
281474976710655.000000	19.595825	6981	0.000000
281474976710655.000000	19.556736	6982	0.000000
281474976710655.000000	19.674707	6983	0.000000
281474976710655.000000	19.433094	6984	0.000000
281474976710655.000000	19.721367	6985	0.000000
281474976710655.000000	19.332420	6986	0.000000
281474976710655.000000	20.621498	6987	0.000000
281474976710655.000000	19.327406	6988	0.000000
281474976710655.000000	19.243807	6989	0.000000
281474976710655.000000	18.764952	6990	0.000000
281474976710655.000000	19.595694	6991	0.000000
281474976710655.000000	19.207966	6992	0.000000
281474976710655.000000	20.603428	6993	0.000000
281474976710655.000000	18.932962	6994	0.000000
281474976710655.000000	19.432442	6995	0.000000
281474976710655.000000	19.469618	6996	0.000000
281474976710655.000000	19.722559	6997	0.000000
281474976710655.000000	18.860044	6998	0.000000
281474976710655.000000	19.394516	6999	0.000000
281474976710655.000000	19.012760	7000	0.000000
281474976710655.000000	19.268120	7001	0.000000
281474976710655.000000	18.645641	7002	0.000000
281474976710655.000000	19.823214	7003	0.000000
281474976710655.000000	18.918562	7004	0.000000
281474976710655.000000	18.468414	7005	0.000000
281474976710655.000000	19.335217	7006	0.000000
281474976710655.000000	18.647635	7007	0.000000
281474976710655.000000	18.969204	7008	0.000000
281474976710655.000000	19.221615	7009	0.000000
281474976710655.000000	18.602467	7010	0.000000
281474976710655.000000	19.905188	7011	0.000000
281474976710655.000000	18.823175	7012	0.000000
281474976710655.000000	19.205713	7013	0.000000
281474976710655.000000	19.010019	7014	0.000000
281474976710655.000000	18.910069	7015	0.000000
281474976710655.000000	17.772402	7016	0.000000
281474976710655.000000	18.570704	7017	0.000000
281474976710655.000000	17.868547	7018	0.000000
281474976710655.000000	18.839102	7019	0.000000
281474976710655.000000	18.205370	7020	0.000000
281474976710655.000000	19.183178	7021	0.000000
281474976710655.000000	18.011751	7022	0.000000
281474976710655.000000	20.231714	7023	0.000000
281474976710655.000000	18.541483	7024	0.000000
281474976710655.000000	18.900776	7025	0.000000
281474976710655.000000	17.860844	7026	0.000000
281474976710655.000000	18.574696	7027	0.000000
281474976710655.000000	18.238754	7028	0.000000
281474976710655.000000	18.589025	7029	0.000000
281474976710655.000000	17.747478	7030	0.000000
281474976710655.000000	18.592613	7031	0.000000
281474976710655.000000	17.552511	7032	0.000000
281474976710655.000000	18.653875	7033	0.000000
281474976710655.000000	17.531158	7034	0.000000
281474976710655.000000	18.313337	7035	0.000000
281474976710655.000000	16.975607	7036	0.000000
281474976710655.000000	18.256248	7037	0.000000
281474976710655.000000	17.651642	7038	0.000000
281474976710655.000000	18.173132	7039	0.000000
281474976710655.000000	18.197649	7040	0.000000
281474976710655.000000	18.063700	7041	0.000000
281474976710655.000000	17.606291	7042	0.000000
281474976710655.000000	18.573385	7043	0.000000
281474976710655.000000	17.273615	7044	0.000000
281474976710655.000000	18.352755	7045	0.000000
281474976710655.000000	17.348335	7046	0.000000
281474976710655.000000	18.223448	7047	0.000000
281474976710655.000000	17.546497	7048	0.000000
281474976710655.000000	17.678511	7049	0.000000
281474976710655.000000	17.749537	7050	0.000000
281474976710655.000000	17.571724	7051	0.000000
281474976710655.000000	17.602171	7052	0.000000
281474976710655.000000	17.551701	7053	0.000000
281474976710655.000000	17.283987	7054	0.000000
281474976710655.000000	17.652479	7055	0.000000
281474976710655.000000	17.189608	7056	0.000000
281474976710655.000000	17.374851	7057	0.000000
281474976710655.000000	17.216370	7058	0.000000
281474976710655.000000	17.447489	7059	0.000000
281474976710655.000000	16.498495	7060	0.000000
281474976710655.000000	17.284599	7061	0.000000
281474976710655.000000	16.930019	7062	0.000000
281474976710655.000000	17.416130	7063	0.000000
281474976710655.000000	16.776791	7064	0.000000
281474976710655.000000	17.099400	7065	0.000000
281474976710655.000000	17.297371	7066	0.000000
281474976710655.000000	18.172796	7067	0.000000
281474976710655.000000	17.351622	7068	0.000000
281474976710655.000000	17.436296	7069	0.000000
281474976710655.000000	16.538387	7070	0.000000
281474976710655.000000	17.274073	7071	0.000000
281474976710655.000000	17.299341	7072	0.000000
281474976710655.000000	17.485266	7073	0.000000
281474976710655.000000	16.494722	7074	0.000000
281474976710655.000000	17.664465	7075	0.000000
281474976710655.000000	16.757244	7076	0.000000
281474976710655.000000	17.592421	7077	0.000000
281474976710655.000000	16.233160	7078	0.000000
281474976710655.000000	17.092920	7079	0.000000
281474976710655.000000	16.312243	7080	0.000000
281474976710655.000000	16.457397	7081	0.000000
281474976710655.000000	16.305206	7082	0.000000
281474976710655.000000	16.829237	7083	0.000000
281474976710655.000000	16.687170	7084	0.000000
281474976710655.000000	16.719887	7085	0.000000
281474976710655.000000	16.255482	7086	0.000000
281474976710655.000000	17.079220	7087	0.000000
281474976710655.000000	15.981817	7088	0.000000
281474976710655.000000	16.504700	7089	0.000000
281474976710655.000000	16.100986	7090	0.000000
281474976710655.000000	16.953283	7091	0.000000
281474976710655.000000	16.069401	7092	0.000000
281474976710655.000000	17.344599	7093	0.000000
281474976710655.000000	16.082527	7094	0.000000
281474976710655.000000	16.387547	7095	0.000000
281474976710655.000000	16.061314	7096	0.000000
281474976710655.000000	17.061699	7097	0.000000
281474976710655.000000	15.427017	7098	0.000000
281474976710655.000000	16.416796	7099	0.000000
281474976710655.000000	16.012238	7100	0.000000
281474976710655.000000	16.792671	7101	0.000000
281474976710655.000000	15.498731	7102	0.000000
281474976710655.000000	16.417597	7103	0.000000
281474976710655.000000	15.910999	7104	0.000000
281474976710655.000000	16.453909	7105	0.000000
281474976710655.000000	16.295263	7106	0.000000
281474976710655.000000	16.431934	7107	0.000000
281474976710655.000000	15.697611	7108	0.000000
281474976710655.000000	16.701643	7109	0.000000
281474976710655.000000	15.681569	7110	0.000000
281474976710655.000000	16.214273	7111	0.000000
281474976710655.000000	16.083233	7112	0.000000
281474976710655.000000	15.897723	7113	0.000000
281474976710655.000000	15.118345	7114	0.000000
281474976710655.000000	16.143011	7115	0.000000
281474976710655.000000	16.040533	7116	0.000000
281474976710655.000000	16.281185	7117	0.000000
281474976710655.000000	15.099422	7118	0.000000
281474976710655.000000	15.883900	7119	0.000000
281474976710655.000000	15.847181	7120	0.000000
281474976710655.000000	15.773967	7121	0.000000
281474976710655.000000	15.064740	7122	0.000000
281474976710655.000000	15.681676	7123	0.000000
281474976710655.000000	15.251561	7124	0.000000
281474976710655.000000	15.622812	7125	0.000000
281474976710655.000000	15.040531	7126	0.000000
281474976710655.000000	16.293486	7127	0.000000
281474976710655.000000	15.884197	7128	0.000000
281474976710655.000000	15.636993	7129	0.000000
281474976710655.000000	14.865297	7130	0.000000
281474976710655.000000	15.761814	7131	0.000000
281474976710655.000000	15.742276	7132	0.000000
281474976710655.000000	15.742149	7133	0.000000
281474976710655.000000	14.922043	7134	0.000000
281474976710655.000000	15.068523	7135	0.000000
281474976710655.000000	14.916262	7136	0.000000
281474976710655.000000	15.848754	7137	0.000000
281474976710655.000000	15.178512	7138	0.000000
281474976710655.000000	15.517251	7139	0.000000
281474976710655.000000	15.052466	7140	0.000000
281474976710655.000000	15.529020	7141	0.000000
281474976710655.000000	14.946576	7142	0.000000
281474976710655.000000	15.552967	7143	0.000000
281474976710655.000000	15.344475	7144	0.000000
281474976710655.000000	15.716865	7145	0.000000
281474976710655.000000	14.974361	7146	0.000000
281474976710655.000000	14.844160	7147	0.000000
281474976710655.000000	14.377008	7148	0.000000
281474976710655.000000	15.236147	7149	0.000000
281474976710655.000000	14.426144	7150	0.000000
281474976710655.000000	15.088717	7151	0.000000
281474976710655.000000	14.527133	7152	0.000000
281474976710655.000000	15.025575	7153	0.000000
281474976710655.000000	14.049276	7154	0.000000
281474976710655.000000	14.992348	7155	0.000000
281474976710655.000000	14.726830	7156	0.000000
281474976710655.000000	15.476038	7157	0.000000
281474976710655.000000	14.351057	7158	0.000000
281474976710655.000000	15.205101	7159	0.000000
281474976710655.000000	14.765957	7160	0.000000
281474976710655.000000	14.981472	7161	0.000000
281474976710655.000000	14.374387	7162	0.000000
281474976710655.000000	15.268730	7163	0.000000
281474976710655.000000	14.006363	7164	0.000000
281474976710655.000000	15.013738	7165	0.000000
281474976710655.000000	13.975599	7166	0.000000
281474976710655.000000	14.758802	7167	0.000000
281474976710655.000000	14.496984	7168	0.000000
281474976710655.000000	14.868993	7169	0.000000
281474976710655.000000	13.784548	7170	0.000000
281474976710655.000000	14.926728	7171	0.000000
281474976710655.000000	14.208411	7172	0.000000
281474976710655.000000	14.915598	7173	0.000000
281474976710655.000000	13.553688	7174	0.000000
281474976710655.000000	15.092718	7175	0.000000
281474976710655.000000	14.450700	7176	0.000000
281474976710655.000000	14.251906	7177	0.000000
281474976710655.000000	13.472528	7178	0.000000
