crossing time (s)	slope (V/s)	crossing number
281474976710655.000000	1.111466	4353	0.000000
281474976710655.000000	1.050707	4354	0.000000
281474976710655.000000	1.095342	4355	0.000000
281474976710655.000000	1.069371	4356	0.000000
281474976710655.000000	1.075304	4357	0.000000
281474976710655.000000	1.128093	4358	0.000000
281474976710655.000000	1.046407	4359	0.000000
281474976710655.000000	1.144868	4360	0.000000
281474976710655.000000	1.044539	4361	0.000000
281474976710655.000000	1.043365	4362	0.000000
281474976710655.000000	1.061692	4363	0.000000
281474976710655.000000	1.048479	4364	0.000000
281474976710655.000000	1.071414	4365	0.000000
281474976710655.000000	1.076420	4366	0.000000
281474976710655.000000	1.087999	4367	0.000000
281474976710655.000000	1.091686	4368	0.000000
281474976710655.000000	1.144100	4369	0.000000
281474976710655.000000	1.048669	4370	0.000000
281474976710655.000000	1.065144	4371	0.000000
281474976710655.000000	1.075027	4372	0.000000
281474976710655.000000	1.001767	4373	0.000000
281474976710655.000000	1.020227	4374	0.000000
281474976710655.000000	1.076422	4375	0.000000
281474976710655.000000	1.030275	4376	0.000000
281474976710655.000000	1.139807	4377	0.000000
281474976710655.000000	1.068528	4378	0.000000
281474976710655.000000	1.021573	4379	0.000000
281474976710655.000000	1.096110	4380	0.000000
281474976710655.000000	1.136009	4381	0.000000
281474976710655.000000	1.020244	4382	0.000000
281474976710655.000000	1.071302	4383	0.000000
281474976710655.000000	1.050161	4384	0.000000
281474976710655.000000	1.062351	4385	0.000000
281474976710655.000000	1.075579	4386	0.000000
281474976710655.000000	1.092804	4387	0.000000
281474976710655.000000	1.115659	4388	0.000000
281474976710655.000000	1.117273	4389	0.000000
281474976710655.000000	1.005392	4390	0.000000
281474976710655.000000	1.053750	4391	0.000000
281474976710655.000000	1.071636	4392	0.000000
281474976710655.000000	1.093584	4393	0.000000
281474976710655.000000	1.056743	4394	0.000000
281474976710655.000000	1.107742	4395	0.000000
281474976710655.000000	1.046657	4396	0.000000
281474976710655.000000	1.086541	4397	0.000000
281474976710655.000000	1.098580	4398	0.000000
281474976710655.000000	1.075426	4399	0.000000
281474976710655.000000	1.027550	4400	0.000000
281474976710655.000000	1.127615	4401	0.000000
281474976710655.000000	1.069791	4402	0.000000
281474976710655.000000	1.067353	4403	0.000000
281474976710655.000000	1.136223	4404	0.000000
281474976710655.000000	1.128798	4405	0.000000
281474976710655.000000	1.076461	4406	0.000000
281474976710655.000000	1.062871	4407	0.000000
281474976710655.000000	1.069762	4408	0.000000
281474976710655.000000	1.090663	4409	0.000000
281474976710655.000000	1.093077	4410	0.000000
281474976710655.000000	1.064333	4411	0.000000
281474976710655.000000	1.082958	4412	0.000000
281474976710655.000000	1.064484	4413	0.000000
281474976710655.000000	1.074383	4414	0.000000
281474976710655.000000	1.120499	4415	0.000000
281474976710655.000000	1.014774	4416	0.000000
281474976710655.000000	1.032799	4417	0.000000
281474976710655.000000	1.069868	4418	0.000000
281474976710655.000000	1.064599	4419	0.000000
281474976710655.000000	0.961765	4420	0.000000
281474976710655.000000	1.055432	4421	0.000000
281474976710655.000000	1.076426	4422	0.000000
281474976710655.000000	1.076619	4423	0.000000
281474976710655.000000	1.113868	4424	0.000000
281474976710655.000000	1.094368	4425	0.000000
281474976710655.000000	1.083165	4426	0.000000
281474976710655.000000	1.072780	4427	0.000000
281474976710655.000000	1.068805	4428	0.000000
281474976710655.000000	1.012403	4429	0.000000
281474976710655.000000	1.028164	4430	0.000000
281474976710655.000000	1.079219	4431	0.000000
281474976710655.000000	0.979507	4432	0.000000
281474976710655.000000	1.067215	4433	0.000000
281474976710655.000000	1.067804	4434	0.000000
281474976710655.000000	1.064959	4435	0.000000
281474976710655.000000	1.064962	4436	0.000000
281474976710655.000000	1.115044	4437	0.000000
281474976710655.000000	1.080908	4438	0.000000
281474976710655.000000	1.079948	4439	0.000000
281474976710655.000000	1.069456	4440	0.000000
281474976710655.000000	1.095479	4441	0.000000
281474976710655.000000	1.091735	4442	0.000000
281474976710655.000000	1.067146	4443	0.000000
281474976710655.000000	1.071792	4444	0.000000
281474976710655.000000	1.096734	4445	0.000000
281474976710655.000000	1.030051	4446	0.000000
281474976710655.000000	1.095200	4447	0.000000
281474976710655.000000	0.992096	4448	0.000000
281474976710655.000000	1.087015	4449	0.000000
281474976710655.000000	1.004801	4450	0.000000
281474976710655.000000	1.059399	4451	0.000000
281474976710655.000000	1.019900	4452	0.000000
281474976710655.000000	1.051262	4453	0.000000
281474976710655.000000	1.016365	4454	0.000000
281474976710655.000000	1.058321	4455	0.000000
281474976710655.000000	1.067383	4456	0.000000
281474976710655.000000	1.087299	4457	0.000000
281474976710655.000000	1.059884	4458	0.000000
281474976710655.000000	1.036064	4459	0.000000
281474976710655.000000	1.086913	4460	0.000000
281474976710655.000000	1.085588	4461	0.000000
281474976710655.000000	1.063506	4462	0.000000
281474976710655.000000	1.095387	4463	0.000000
281474976710655.000000	1.035247	4464	0.000000
281474976710655.000000	1.073936	4465	0.000000
281474976710655.000000	1.058368	4466	0.000000
281474976710655.000000	1.053535	4467	0.000000
281474976710655.000000	1.032634	4468	0.000000
281474976710655.000000	1.061439	4469	0.000000
281474976710655.000000	1.035043	4470	0.000000
281474976710655.000000	1.081922	4471	0.000000
281474976710655.000000	1.029124	4472	0.000000
281474976710655.000000	1.030878	4473	0.000000
281474976710655.000000	1.014048	4474	0.000000
281474976710655.000000	1.043434	4475	0.000000
281474976710655.000000	1.057815	4476	0.000000
281474976710655.000000	1.027161	4477	0.000000
281474976710655.000000	1.036128	4478	0.000000
281474976710655.000000	1.099365	4479	0.000000
281474976710655.000000	1.101334	4480	0.000000
281474976710655.000000	1.006768	4481	0.000000
281474976710655.000000	1.086830	4482	0.000000
281474976710655.000000	1.154876	4483	0.000000
281474976710655.000000	1.020819	4484	0.000000
281474976710655.000000	1.061180	4485	0.000000
281474976710655.000000	1.066797	4486	0.000000
281474976710655.000000	1.059212	4487	0.000000
281474976710655.000000	1.041894	4488	0.000000
281474976710655.000000	1.073145	4489	0.000000
281474976710655.000000	1.070197	4490	0.000000
281474976710655.000000	1.043066	4491	0.000000
281474976710655.000000	1.049989	4492	0.000000
281474976710655.000000	1.048562	4493	0.000000
281474976710655.000000	1.061967	4494	0.000000
281474976710655.000000	1.077692	4495	0.000000
281474976710655.000000	1.096370	4496	0.000000
281474976710655.000000	1.048546	4497	0.000000
281474976710655.000000	1.060480	4498	0.000000
281474976710655.000000	1.055697	4499	0.000000
281474976710655.000000	1.065669	4500	0.000000
281474976710655.000000	1.079591	4501	0.000000
281474976710655.000000	1.028758	4502	0.000000
281474976710655.000000	1.085754	4503	0.000000
281474976710655.000000	1.009311	4504	0.000000
281474976710655.000000	1.054805	4505	0.000000
281474976710655.000000	1.126803	4506	0.000000
281474976710655.000000	1.100282	4507	0.000000
281474976710655.000000	1.030587	4508	0.000000
281474976710655.000000	1.009241	4509	0.000000
281474976710655.000000	1.061049	4510	0.000000
281474976710655.000000	1.065912	4511	0.000000
281474976710655.000000	1.015830	4512	0.000000
281474976710655.000000	1.035290	4513	0.000000
281474976710655.000000	1.063474	4514	0.000000
281474976710655.000000	1.055448	4515	0.000000
281474976710655.000000	1.072026	4516	0.000000
281474976710655.000000	1.034236	4517	0.000000
281474976710655.000000	1.056672	4518	0.000000
281474976710655.000000	1.009073	4519	0.000000
281474976710655.000000	1.063198	4520	0.000000
281474976710655.000000	1.083152	4521	0.000000
281474976710655.000000	1.018113	4522	0.000000
281474976710655.000000	1.063503	4523	0.000000
281474976710655.000000	1.036644	4524	0.000000
281474976710655.000000	1.085292	4525	0.000000
281474976710655.000000	1.006998	4526	0.000000
281474976710655.000000	1.093881	4527	0.000000
281474976710655.000000	1.029554	4528	0.000000
281474976710655.000000	1.061783	4529	0.000000
281474976710655.000000	1.013801	4530	0.000000
281474976710655.000000	1.086623	4531	0.000000
281474976710655.000000	1.071254	4532	0.000000
281474976710655.000000	1.037596	4533	0.000000
281474976710655.000000	1.040060	4534	0.000000
281474976710655.000000	0.999544	4535	0.000000
281474976710655.000000	1.060380	4536	0.000000
281474976710655.000000	1.110429	4537	0.000000
281474976710655.000000	1.086571	4538	0.000000
281474976710655.000000	1.039969	4539	0.000000
281474976710655.000000	1.049622	4540	0.000000
281474976710655.000000	1.065764	4541	0.000000
281474976710655.000000	1.069893	4542	0.000000
281474976710655.000000	1.091646	4543	0.000000
281474976710655.000000	1.037163	4544	0.000000
281474976710655.000000	1.003805	4545	0.000000
281474976710655.000000	1.071089	4546	0.000000
281474976710655.000000	1.073122	4547	0.000000
281474976710655.000000	1.042611	4548	0.000000
281474976710655.000000	1.031832	4549	0.000000
281474976710655.000000	1.060369	4550	0.000000
281474976710655.000000	1.053473	4551	0.000000
281474976710655.000000	1.055203	4552	0.000000
281474976710655.000000	1.033651	4553	0.000000
281474976710655.000000	1.039077	4554	0.000000
281474976710655.000000	1.081804	4555	0.000000
281474976710655.000000	1.014221	4556	0.000000
281474976710655.000000	1.035881	4557	0.000000
281474976710655.000000	0.996318	4558	0.000000
281474976710655.000000	1.038054	4559	0.000000
281474976710655.000000	0.986641	4560	0.000000
281474976710655.000000	1.001582	4561	0.000000
281474976710655.000000	1.020169	4562	0.000000
281474976710655.000000	1.041020	4563	0.000000
281474976710655.000000	1.097703	4564	0.000000
281474976710655.000000	1.027722	4565	0.000000
281474976710655.000000	1.059205	4566	0.000000
281474976710655.000000	1.020429	4567	0.000000
281474976710655.000000	1.024353	4568	0.000000
281474976710655.000000	1.007562	4569	0.000000
281474976710655.000000	1.032473	4570	0.000000
281474976710655.000000	1.017154	4571	0.000000
281474976710655.000000	1.008978	4572	0.000000
281474976710655.000000	1.019443	4573	0.000000
281474976710655.000000	1.008575	4574	0.000000
281474976710655.000000	1.069433	4575	0.000000
281474976710655.000000	1.046074	4576	0.000000
281474976710655.000000	1.065619	4577	0.000000
281474976710655.000000	1.020201	4578	0.000000
281474976710655.000000	1.040263	4579	0.000000
281474976710655.000000	1.028338	4580	0.000000
281474976710655.000000	1.026871	4581	0.000000
281474976710655.000000	1.023966	4582	0.000000
281474976710655.000000	1.041032	4583	0.000000
281474976710655.000000	1.084961	4584	0.000000
281474976710655.000000	1.018302	4585	0.000000
281474976710655.000000	1.040007	4586	0.000000
281474976710655.000000	1.024183	4587	0.000000
281474976710655.000000	1.025125	4588	0.000000
281474976710655.000000	1.067810	4589	0.000000
281474976710655.000000	1.070220	4590	0.000000
281474976710655.000000	1.016808	4591	0.000000
281474976710655.000000	0.982765	4592	0.000000
281474976710655.000000	1.038649	4593	0.000000
281474976710655.000000	1.031726	4594	0.000000
281474976710655.000000	1.033242	4595	0.000000
281474976710655.000000	1.014964	4596	0.000000
281474976710655.000000	1.007479	4597	0.000000
281474976710655.000000	1.069316	4598	0.000000
281474976710655.000000	1.024544	4599	0.000000
281474976710655.000000	0.985980	4600	0.000000
281474976710655.000000	1.011791	4601	0.000000
281474976710655.000000	1.090801	4602	0.000000
281474976710655.000000	1.019253	4603	0.000000
281474976710655.000000	1.018078	4604	0.000000
281474976710655.000000	1.012346	4605	0.000000
281474976710655.000000	1.049229	4606	0.000000
281474976710655.000000	1.014380	4607	0.000000
281474976710655.000000	1.044157	4608	0.000000
281474976710655.000000	1.075682	4609	0.000000
281474976710655.000000	1.019513	4610	0.000000
281474976710655.000000	1.051793	4611	0.000000
281474976710655.000000	1.022576	4612	0.000000
281474976710655.000000	1.006608	4613	0.000000
281474976710655.000000	1.038656	4614	0.000000
281474976710655.000000	1.086878	4615	0.000000
281474976710655.000000	1.029384	4616	0.000000
281474976710655.000000	1.024647	4617	0.000000
281474976710655.000000	1.004558	4618	0.000000
281474976710655.000000	0.994499	4619	0.000000
281474976710655.000000	1.041135	4620	0.000000
281474976710655.000000	1.051428	4621	0.000000
281474976710655.000000	1.037752	4622	0.000000
281474976710655.000000	1.079482	4623	0.000000
281474976710655.000000	1.009051	4624	0.000000
281474976710655.000000	1.090145	4625	0.000000
281474976710655.000000	1.017397	4626	0.000000
281474976710655.000000	1.061756	4627	0.000000
281474976710655.000000	1.046147	4628	0.000000
281474976710655.000000	1.024303	4629	0.000000
281474976710655.000000	1.075027	4630	0.000000
281474976710655.000000	1.022381	4631	0.000000
281474976710655.000000	1.036187	4632	0.000000
281474976710655.000000	1.090538	4633	0.000000
281474976710655.000000	1.012736	4634	0.000000
281474976710655.000000	1.012399	4635	0.000000
281474976710655.000000	1.050152	4636	0.000000
281474976710655.000000	1.076659	4637	0.000000
281474976710655.000000	0.996833	4638	0.000000
281474976710655.000000	1.034460	4639	0.000000
281474976710655.000000	0.982426	4640	0.000000
281474976710655.000000	1.008959	4641	0.000000
281474976710655.000000	1.069726	4642	0.000000
281474976710655.000000	1.050777	4643	0.000000
281474976710655.000000	1.014286	4644	0.000000
281474976710655.000000	1.010339	4645	0.000000
