num crossings	time (s)	maj axis (mm)	min axis (mm)	theta (rad )	slope (V/s)
2185	3585.532687	13.259015	52.656687	2.966955	0.411414
2187	3587.582427	14.360329	51.778541	2.946636	0.561881
2189	3589.632174	15.428732	50.423689	2.919814	0.636096
2191	3591.699635	14.485118	51.920940	2.946197	0.483252
2193	3593.764290	13.846433	53.024385	2.967550	0.391786
2195	3595.813739	14.848269	51.617281	2.941128	0.506120
2197	3597.881936	13.974915	53.013277	2.968227	0.340560
2199	3599.933471	14.800610	52.419512	2.952809	0.434256
2201	3602.003500	13.178967	54.123120	2.991956	0.467725
2203	3604.065292	12.982996	53.963238	2.997448	0.378434
2205	3606.138177	11.882957	55.838077	3.028512	0.378842
2207	3608.194112	11.937460	55.012172	3.027558	0.365221
2209	3610.246647	12.574499	54.546342	3.013721	0.328353
2211	3612.311332	12.159020	55.457464	3.031031	0.326455
2213	3614.362992	12.677753	54.516692	3.015936	0.350671
2215	3616.426594	12.262728	54.922778	3.027008	0.228532
2217	3618.477709	13.022476	54.802337	3.015943	0.322435
2219	3620.542774	12.734485	54.995345	3.027096	0.209211
2221	3622.594959	13.060655	54.448208	3.017292	0.257177
2223	3624.661287	12.708134	55.718324	3.033830	0.291020
2225	3626.709104	13.427111	54.735904	3.013814	0.303945
2227	3628.760707	14.113125	53.554349	2.994067	0.362658
2229	3630.829262	13.522489	55.093648	3.017229	0.336832
2231	3632.873854	14.136846	53.954505	2.992165	0.373214
2233	3634.930538	14.173732	53.285098	2.985700	0.442026
2235	3636.988359	14.236361	53.375004	2.987685	0.432391
2237	3639.045229	14.429062	53.251843	2.982929	0.357122
2239	3641.090225	15.732765	51.113286	2.946197	0.536861
2241	3643.169167	14.004815	54.162276	3.004373	0.352265
2243	3645.211969	15.414406	51.960778	2.961340	0.439152
2245	3647.263588	15.878631	51.550276	2.950560	0.580882
2247	3649.325360	15.970995	51.336836	2.950439	0.452688
2249	3651.391336	15.035589	52.787321	2.979168	0.322197
2251	3653.441347	15.928059	51.733018	2.959133	0.432297
2253	3655.518286	14.234363	54.088309	3.006945	0.379210
2255	3657.573400	14.696674	53.429997	2.999258	0.405790
2257	3659.630951	14.533954	53.352260	3.004524	0.482726
2259	3661.695845	14.226368	54.279702	3.018413	0.399921
2261	3663.758289	13.671918	54.577048	3.030700	0.382131
2263	3665.841377	12.321684	57.299491	3.078503	0.217066
2265	3667.883732	13.178430	55.162495	3.051495	0.399891
2267	3669.935563	13.470579	54.852143	3.044538	0.382561
2269	3672.001058	13.326078	55.155416	3.054270	0.378422
2271	3674.047255	14.065383	54.335365	3.037505	0.359620
2273	3676.097514	14.773671	53.861738	3.019279	0.423375
2275	3678.164464	14.096337	54.009764	3.036753	0.298520
2277	3680.227534	14.049995	54.281573	3.043884	0.256994
2279	3682.284702	14.068911	54.765249	3.043610	0.406960
2281	3684.344802	14.007098	54.784396	3.049497	0.304281
2283	3686.396459	14.379413	54.302115	3.037306	0.309883
2285	3688.460436	14.012986	55.166559	3.049361	0.274799
2287	3690.511216	14.571848	54.667237	3.036941	0.279420
2289	3692.559640	15.167562	52.809528	3.011087	0.352686
2291	3694.620399	14.931901	53.744972	3.023381	0.445363
2293	3696.668895	15.880530	52.633779	2.998992	0.502118
2295	3698.726552	15.746219	52.579296	2.998666	0.401489
2297	3700.792222	15.582330	53.107075	3.012220	0.359547
2299	3702.853111	15.351752	53.222718	3.018471	0.383822
2301	3704.907913	15.361219	53.071614	3.019322	0.366622
2303	3706.962968	15.793842	52.467618	3.010746	0.382458
2305	3709.023673	15.530582	52.936381	3.019526	0.337533
2307	3711.081406	15.598410	53.176630	3.022637	0.472057
2309	3713.153019	14.785715	53.920972	3.048204	0.236241
2311	3715.209390	14.791421	53.832688	3.048768	0.388550
2313	3717.275118	14.251994	54.911054	3.066634	0.329429
2315	3719.325872	14.745895	53.672287	3.054126	0.432219
2317	3721.400672	13.730992	55.674703	3.088642	0.233692
2319	3723.450312	14.363525	54.437061	3.072015	0.299599
2321	3725.527661	13.485007	55.963249	3.110343	0.244622
2323	3727.572916	13.988271	55.369142	3.089684	0.358234
2325	3729.643040	13.485659	55.702529	3.110727	0.240306
2327	3731.680684	14.631795	54.162808	3.072471	0.354781
2329	3733.751113	14.111705	55.064635	3.099238	0.311262
2331	3735.804144	14.375533	54.904800	3.091429	0.389299
2333	3737.876844	13.762617	55.783999	3.117946	0.193425
2335	3739.914232	14.903735	54.474225	3.078911	0.348092
2337	3741.970538	15.193193	53.991338	3.072539	0.394142
2339	3744.027057	15.117035	54.146427	3.074298	0.250691
2341	3746.076687	15.589529	53.092946	3.057242	0.324940
2343	3748.140252	15.245136	53.556293	3.069805	0.300975
2345	3750.188689	15.748753	52.817452	3.051888	0.324530
2347	3752.243584	15.997219	52.442550	3.045323	0.327928
2349	3754.304065	15.999317	52.636171	3.050487	0.316033
2351	3756.370484	15.489940	53.193235	3.070367	0.265298
2353	3758.435577	15.045384	54.227155	3.086649	0.203574
2355	3760.485395	15.759037	52.890515	3.066443	0.251735
2357	3762.544464	15.795389	52.990612	3.070326	0.381252
2359	3764.612997	15.156801	54.194379	3.097221	0.296673
2361	3766.654694	16.075628	52.825070	3.062363	0.331157
2363	3768.722846	15.673186	53.183013	3.084368	0.354642
2365	3770.786167	15.050113	53.521515	3.101276	0.232978
2367	3772.851022	14.657240	54.333744	3.116007	0.291574
2369	3774.916270	14.405193	54.861323	3.129895	0.223956
2371	3776.989121	13.824791	55.113327	3.155789	0.312121
2373	3779.022224	15.045013	53.956424	3.113035	0.409939
2375	3781.081272	14.961780	54.075859	3.118859	0.281535
2377	3783.156497	14.260437	54.826748	3.150917	0.265441
2379	3785.211267	14.429762	54.382008	3.144971	0.182377
2381	3787.260658	14.968770	54.122548	3.132344	0.233668
2383	3789.315717	15.239231	53.517311	3.125408	0.310291
2385	3791.381565	14.901006	54.050124	3.138689	0.247568
2387	3793.438083	14.945068	53.878856	3.137558	0.351923
2389	3795.492697	15.067768	54.055005	3.135330	0.169679
2391	3797.546274	15.439869	53.399382	3.125394	0.227855
2393	3799.606983	15.124726	53.631209	3.134971	0.223384
2395	3801.646542	16.233332	51.998358	3.093725	0.332167
2397	3803.705674	16.148502	52.373342	3.101003	0.274593
2399	3805.772997	15.630433	53.177946	3.123000	0.177566
2401	3807.826527	16.219276	52.079889	3.108703	0.267050
2403	3809.875988	16.558050	51.933133	3.094960	0.308423
2405	3811.938238	16.257736	52.296972	3.109510	0.244594
2407	3814.004887	16.025364	52.584100	3.123941	0.191843
2409	3816.053468	16.582966	51.624573	3.105236	0.283948
2411	3818.107551	16.834514	51.310936	3.096854	0.335928
2413	3820.184738	15.650656	53.040849	3.143221	0.206586
2415	3822.239723	15.835663	52.356602	3.137092	0.224665
2417	3824.317179	14.996074	53.677818	3.176499	0.140437
2419	3826.355989	15.841926	52.672682	3.141959	0.262386
2421	3828.433234	14.897915	53.697194	3.179244	0.177840
2423	3830.499635	14.709396	53.570048	3.194079	0.239870
2427	3834.615606	14.819687	53.512404	3.198625	0.187358
2429	3836.667996	15.084364	53.337028	3.186726	0.209015
2431	3838.739582	14.696398	54.283100	3.213168	0.236166
2433	3840.770359	15.699370	52.759151	3.169028	0.251492
2435	3842.849456	15.012058	53.450932	3.205656	0.205120
2437	3844.901283	15.359505	53.022391	3.195454	0.230196
2441	3849.030016	14.911590	53.655472	3.220861	0.159741
2443	3851.081433	15.174588	53.547585	3.211729	0.134051
2445	3853.129563	15.398996	52.810889	3.196106	0.191683
2447	3855.191002	15.351800	52.543611	3.201548	0.261844
2449	3857.245721	15.382406	53.086555	3.202119	0.212300
2451	3859.287843	16.093242	51.576225	3.170419	0.340245
2453	3861.359751	15.751452	52.202870	3.196705	0.146432
2455	3863.405705	16.072906	51.962212	3.180167	0.282925
2457	3865.475023	15.989699	52.175985	3.199933	0.172776
2459	3867.515648	16.520544	51.470091	3.168977	0.251566
2461	3869.576161	16.581394	51.226735	3.173913	0.261600
2463	3871.635324	16.480658	51.242460	3.180192	0.290082
2465	3873.697651	16.304621	51.442763	3.188717	0.252937
2467	3875.769409	15.871270	52.106472	3.216747	0.275545
2469	3877.850333	15.247172	52.441296	3.258314	0.226455
2471	3879.903280	15.449749	52.578267	3.250382	0.188748
2473	3881.945640	15.832618	51.836237	3.223519	0.204721
