num crossings	time (s)	maj axis (mm)	min axis (mm)	theta (rad )	slope (V/s)
3667	5129.342398	18.088291	49.585722	3.893912	0.547408
3669	5131.421754	16.618630	52.445999	3.944406	0.277546
3671	5133.474516	16.781927	51.341460	3.935204	0.449361
3673	5135.547676	15.872116	53.133846	3.966946	0.338983
3675	5137.600375	16.125548	51.990805	3.955943	0.437308
3677	5139.658699	16.008679	51.756802	3.959386	0.409594
3679	5141.727154	15.283463	52.795257	3.982048	0.399161
3683	5145.839245	15.820989	51.829573	3.966090	0.363497
3685	5147.896040	16.142981	51.507194	3.962607	0.501983
3687	5149.966805	15.402024	53.230143	3.988883	0.366065
3689	5152.020021	15.757770	52.181313	3.975727	0.395369
3691	5154.092469	14.519851	54.133442	4.018712	0.420974
3693	5156.140265	15.701173	52.163432	3.983535	0.532385
3695	5158.195411	16.076810	51.696965	3.983347	0.524965
3697	5160.274942	14.346833	54.417701	4.032462	0.296464
3699	5162.320733	15.191567	53.003146	4.010540	0.432365
3701	5164.390334	14.688372	53.858071	4.031946	0.375334
3703	5166.435186	15.806083	52.111319	3.995400	0.453120
3705	5168.492285	16.206825	51.725814	3.997466	0.529350
3707	5170.548468	16.256416	51.301573	3.993861	0.477869
3709	5172.612513	15.928525	51.847232	4.006992	0.423246
3711	5174.672778	15.990459	52.244910	4.010165	0.458553
3713	5176.725547	16.514085	50.989924	3.995109	0.451731
3715	5178.794328	15.715361	52.176816	4.018573	0.383410
3717	5180.849957	15.767404	51.361884	4.016727	0.622575
3719	5182.913833	15.272813	51.985182	4.029180	0.506641
3721	5184.969898	15.571345	51.620232	4.024954	0.444204
3723	5187.025842	15.865560	51.390476	4.022297	0.506918
3725	5189.101563	14.478176	52.920307	4.059941	0.432271
3727	5191.155765	14.983213	52.316628	4.048899	0.362472
3729	5193.227759	13.466713	54.116027	4.084887	0.322641
3731	5195.282364	14.240074	53.293575	4.077820	0.347180
3733	5197.348514	13.289364	53.879420	4.093458	0.342601
3735	5199.402655	13.884158	53.335780	4.080959	0.361412
3737	5201.462484	13.534402	53.219894	4.089768	0.390897
3739	5203.528536	13.301970	54.124278	4.106739	0.380058
3741	5205.580587	13.603711	52.979901	4.097782	0.340270
3743	5207.645122	13.110268	53.636904	4.107658	0.338746
3745	5209.709896	12.866016	54.267449	4.124381	0.343785
3747	5211.768760	13.071215	54.326182	4.119660	0.326178
3749	5213.818399	13.231001	53.046048	4.111959	0.405063
3751	5215.866173	14.334905	51.460772	4.086424	0.461419
3753	5217.930299	13.792690	52.314397	4.103621	0.329454
3755	5219.991405	13.988306	52.461876	4.098773	0.346363
3757	5222.321678	9.288997	62.674191	4.368170	0.029323
3759	5224.107865	13.846152	52.267287	4.107299	0.385566
3761	5226.170967	13.554596	52.496957	4.118085	0.398541
3763	5228.230630	13.587659	52.685214	4.115544	0.471983
3765	5230.290220	13.680658	52.605484	4.118949	0.361357
3767	5232.354341	13.628631	52.741998	4.132255	0.392944
3769	5234.405482	13.919309	51.601976	4.115507	0.418733
3771	5236.460138	13.674680	51.500623	4.123111	0.456010
3773	5238.531930	12.719841	52.943495	4.150075	0.501760
3775	5240.591241	12.927173	52.595958	4.143012	0.408290
3777	5242.651634	12.794391	52.792207	4.151594	0.352674
3779	5244.717797	11.871563	53.618595	4.174727	0.273384
3781	5246.776483	12.007168	53.510720	4.172827	0.437431
3783	5248.838912	11.908700	53.724686	4.175868	0.341472
3785	5250.898629	11.726182	53.372755	4.179351	0.295321
3787	5252.962769	11.154249	54.368928	4.199115	0.276763
3789	5255.015864	11.601127	53.190791	4.187125	0.333289
3791	5257.079850	11.324202	53.882757	4.197207	0.316618
3793	5259.135374	11.389070	53.436046	4.197223	0.301956
3795	5261.201145	10.863406	54.565693	4.212778	0.288922
3797	5263.248177	11.758005	52.639472	4.186314	0.423284
3799	5265.326508	10.564640	55.091950	4.224726	0.346948
3801	5267.363256	11.661047	52.017158	4.187479	0.392631
3803	5269.443188	10.717463	54.554947	4.224769	0.312172
3805	5271.479914	11.587484	52.098937	4.194837	0.398937
3807	5273.540751	11.763586	51.836533	4.193297	0.455810
3809	5275.606123	11.074376	53.159166	4.214380	0.492246
3811	5277.665347	11.409335	52.748187	4.211340	0.223785
3813	5279.720376	11.960634	52.053130	4.200054	0.412487
3815	5281.789212	10.595361	53.528019	4.231011	0.304614
3817	5283.855659	10.209375	54.223528	4.243758	0.347695
3819	5285.909371	10.519138	53.311051	4.234763	0.363171
3821	5287.962464	10.959533	52.457186	4.223874	0.414575
3823	5290.037063	10.106843	54.138430	4.252685	0.330406
3825	5292.090611	9.913541	53.636104	4.252056	0.342771
3827	5294.146034	10.101033	53.224158	4.248340	0.286847
3829	5296.226186	9.132323	55.190896	4.274187	0.289480
3831	5298.262946	10.029912	52.743394	4.252699	0.355705
3833	5300.327689	9.737040	53.422679	4.258567	0.278934
3835	5302.383708	9.454736	52.898885	4.260725	0.367354
3837	5304.461693	8.730272	54.766723	4.285784	0.193262
3839	5306.518282	8.930286	54.531186	4.283458	0.231970
3841	5308.578347	8.744108	54.438630	4.287766	0.262096
3843	5310.617980	9.279864	52.289600	4.268285	0.352977
3845	5312.695306	8.816906	54.161156	4.288219	0.245452
3847	5314.746954	8.719730	53.683372	4.288796	0.238277
3849	5316.811215	8.556734	53.996413	4.294599	0.247285
3851	5318.851359	9.301487	52.414363	4.274530	0.369303
3853	5320.928574	8.578119	53.993175	4.293284	0.238737
3855	5322.994914	8.003630	54.429569	4.309221	0.281121
3857	5325.045438	8.454017	53.348664	4.297515	0.320744
3859	5327.111902	7.994716	54.022086	4.311591	0.189609
3861	5329.178110	7.784384	54.815270	4.318925	0.249726
3863	5331.214657	8.361304	52.748088	4.300785	0.333311
3865	5333.266908	8.594610	52.287291	4.294822	0.404740
3867	5335.339555	8.217517	53.160467	4.306088	0.354486
3869	5337.395219	8.009357	53.123826	4.313045	0.261332
3871	5339.467286	7.641952	54.216889	4.324708	0.308072
3873	5341.526711	7.649655	53.977705	4.320900	0.173733
3875	5343.604707	6.935670	55.172540	4.347375	0.180303
3877	5345.628140	7.942368	52.194136	4.313386	0.387351
3879	5347.706470	7.161731	54.042114	4.337093	0.320940
3881	5349.774778	7.037851	54.496123	4.342459	0.156072
3883	5351.826281	7.032373	53.890537	4.342628	0.194322
3885	5353.877826	7.138737	53.110920	4.335827	0.275384
3887	5355.946390	6.775704	54.131997	4.349088	0.124886
3889	5357.995967	7.017074	53.124533	4.340561	0.250917
3891	5360.083671	6.180281	55.114122	4.367701	0.240220
3893	5362.123251	6.602012	53.754302	4.351817	0.278001
3895	5364.198152	6.029833	54.864639	4.368704	0.283529
3897	5366.243796	6.435190	53.765427	4.355630	0.160927
3899	5368.293885	6.479403	53.009623	4.354884	0.193571
3901	5370.365783	5.992163	54.310025	4.367777	0.273763
3903	5372.435304	5.794588	54.687597	4.373852	0.208206
3905	5374.486413	5.817871	54.109993	4.371744	0.225599
3907	5376.536438	6.100890	53.315190	4.365635	0.263537
3909	5378.588318	6.227675	52.778420	4.359706	0.272204
3911	5380.656769	5.736245	53.494594	4.372973	0.174002
3913	5382.713237	5.897771	53.075000	4.371775	0.270390
3915	5384.779569	5.656028	53.497246	4.377271	0.299969
3917	5386.827732	5.705636	52.950633	4.372629	0.379655
3919	5388.885365	5.872565	52.507192	4.371303	0.223252
3921	5390.965702	5.164053	54.028821	4.389522	0.237655
3923	5393.004556	5.630293	52.900839	4.375675	0.173960
3925	5395.056163	5.688046	52.023186	4.374670	0.260654
3927	5397.134331	5.146726	53.348683	4.388331	0.216788
3929	5399.173720	5.604186	52.042047	4.377787	0.240507
3931	5401.247743	5.203838	52.995336	4.388859	0.350237
3933	5403.297639	5.255261	52.271728	4.385017	0.317123
3935	5405.369568	4.906035	53.009513	4.394315	0.185421
3937	5407.419802	5.009242	52.309741	4.390268	0.240245
3939	5409.485609	4.767366	52.910695	4.397621	0.296188
3941	5411.559886	4.418022	53.912516	4.408697	0.268114
3943	5413.617188	4.462199	53.582854	4.405197	0.111928
3945	5415.674902	4.401943	53.275066	4.407600	0.232144
3947	5417.740921	4.145563	53.802828	4.414223	0.231214
3949	5419.800138	4.195167	53.414800	4.410739	0.183833
3951	5421.849710	4.108827	53.303339	-1.868785	0.209144
3953	5423.904885	4.367562	52.553395	-1.876519	0.220763
3955	5425.974503	3.906544	53.321622	4.417404	0.255557
3957	5428.024000	3.986728	52.727459	4.413653	0.288658
3959	5430.104989	3.657160	53.676140	4.423160	0.203129
3961	5432.133873	4.025057	52.342449	4.413688	0.214158
3963	5434.195109	3.918712	52.244860	4.413960	0.247106
3965	5436.248166	3.960737	51.804181	4.413888	0.282627
3967	5438.345490	3.324656	53.874687	4.432039	0.187496
