crossing time (s)	slope (V/s)	crossing number
281474976710655.000000	1.077774	2927	0.000000
281474976710655.000000	1.053514	2928	0.000000
281474976710655.000000	1.005527	2929	0.000000
281474976710655.000000	0.997097	2930	0.000000
281474976710655.000000	1.011690	2931	0.000000
281474976710655.000000	1.037592	2932	0.000000
281474976710655.000000	1.022027	2933	0.000000
281474976710655.000000	1.127078	2934	0.000000
281474976710655.000000	1.135147	2935	0.000000
281474976710655.000000	1.040713	2936	0.000000
281474976710655.000000	1.103565	2937	0.000000
281474976710655.000000	1.108558	2938	0.000000
281474976710655.000000	1.116449	2939	0.000000
281474976710655.000000	1.087233	2940	0.000000
281474976710655.000000	1.078424	2941	0.000000
281474976710655.000000	1.048886	2942	0.000000
281474976710655.000000	1.060104	2943	0.000000
281474976710655.000000	1.090376	2944	0.000000
281474976710655.000000	1.099842	2945	0.000000
281474976710655.000000	1.099176	2946	0.000000
281474976710655.000000	1.065756	2947	0.000000
281474976710655.000000	1.113342	2948	0.000000
281474976710655.000000	1.121377	2949	0.000000
281474976710655.000000	1.093295	2950	0.000000
281474976710655.000000	1.074510	2951	0.000000
281474976710655.000000	1.070573	2952	0.000000
281474976710655.000000	1.110342	2953	0.000000
281474976710655.000000	1.041528	2954	0.000000
281474976710655.000000	1.087170	2955	0.000000
281474976710655.000000	1.074777	2956	0.000000
281474976710655.000000	1.143480	2957	0.000000
281474976710655.000000	1.054343	2958	0.000000
281474976710655.000000	1.073068	2959	0.000000
281474976710655.000000	1.061374	2960	0.000000
281474976710655.000000	1.059048	2961	0.000000
281474976710655.000000	1.087375	2962	0.000000
281474976710655.000000	1.080509	2963	0.000000
281474976710655.000000	1.124961	2964	0.000000
281474976710655.000000	1.010287	2965	0.000000
281474976710655.000000	1.065832	2966	0.000000
281474976710655.000000	1.077236	2967	0.000000
281474976710655.000000	1.124766	2968	0.000000
281474976710655.000000	1.099392	2969	0.000000
281474976710655.000000	1.031566	2970	0.000000
281474976710655.000000	1.107245	2971	0.000000
281474976710655.000000	1.078947	2972	0.000000
281474976710655.000000	1.066830	2973	0.000000
281474976710655.000000	1.117165	2974	0.000000
281474976710655.000000	1.088881	2975	0.000000
281474976710655.000000	1.032085	2976	0.000000
281474976710655.000000	1.148536	2977	0.000000
281474976710655.000000	1.082800	2978	0.000000
281474976710655.000000	1.120054	2979	0.000000
281474976710655.000000	1.073566	2980	0.000000
281474976710655.000000	1.097706	2981	0.000000
281474976710655.000000	1.052028	2982	0.000000
281474976710655.000000	1.051355	2983	0.000000
281474976710655.000000	1.028385	2984	0.000000
281474976710655.000000	1.099778	2985	0.000000
281474976710655.000000	1.112929	2986	0.000000
281474976710655.000000	1.078463	2987	0.000000
281474976710655.000000	1.086517	2988	0.000000
281474976710655.000000	1.101886	2989	0.000000
281474976710655.000000	1.071765	2990	0.000000
281474976710655.000000	1.120542	2991	0.000000
281474976710655.000000	1.064901	2992	0.000000
281474976710655.000000	1.092423	2993	0.000000
281474976710655.000000	1.048808	2994	0.000000
281474976710655.000000	1.035763	2995	0.000000
281474976710655.000000	1.081702	2996	0.000000
281474976710655.000000	1.072323	2997	0.000000
281474976710655.000000	1.033481	2998	0.000000
281474976710655.000000	1.078278	2999	0.000000
281474976710655.000000	1.052289	3000	0.000000
281474976710655.000000	1.074594	3001	0.000000
281474976710655.000000	1.030299	3002	0.000000
281474976710655.000000	1.087307	3003	0.000000
281474976710655.000000	1.062917	3004	0.000000
281474976710655.000000	1.135929	3005	0.000000
281474976710655.000000	1.075123	3006	0.000000
281474976710655.000000	1.083195	3007	0.000000
281474976710655.000000	1.066171	3008	0.000000
281474976710655.000000	1.045745	3009	0.000000
281474976710655.000000	1.022617	3010	0.000000
281474976710655.000000	1.064104	3011	0.000000
281474976710655.000000	1.080989	3012	0.000000
281474976710655.000000	1.086633	3013	0.000000
281474976710655.000000	1.091690	3014	0.000000
281474976710655.000000	1.085495	3015	0.000000
281474976710655.000000	1.068050	3016	0.000000
281474976710655.000000	1.079270	3017	0.000000
281474976710655.000000	1.099808	3018	0.000000
281474976710655.000000	1.089283	3019	0.000000
281474976710655.000000	1.092559	3020	0.000000
281474976710655.000000	1.008217	3021	0.000000
281474976710655.000000	1.020942	3022	0.000000
281474976710655.000000	1.109609	3023	0.000000
281474976710655.000000	1.066246	3024	0.000000
281474976710655.000000	1.034520	3025	0.000000
281474976710655.000000	1.069234	3026	0.000000
281474976710655.000000	1.039406	3027	0.000000
281474976710655.000000	1.042973	3028	0.000000
281474976710655.000000	1.025559	3029	0.000000
281474976710655.000000	1.057527	3030	0.000000
281474976710655.000000	1.145798	3031	0.000000
281474976710655.000000	1.030414	3032	0.000000
281474976710655.000000	1.072042	3033	0.000000
281474976710655.000000	1.070197	3034	0.000000
281474976710655.000000	1.030308	3035	0.000000
281474976710655.000000	1.074705	3036	0.000000
281474976710655.000000	1.127378	3037	0.000000
281474976710655.000000	1.018529	3038	0.000000
281474976710655.000000	1.047921	3039	0.000000
281474976710655.000000	1.005688	3040	0.000000
281474976710655.000000	1.047150	3041	0.000000
281474976710655.000000	1.012882	3042	0.000000
281474976710655.000000	1.064187	3043	0.000000
281474976710655.000000	1.056380	3044	0.000000
281474976710655.000000	1.017931	3045	0.000000
281474976710655.000000	1.046798	3046	0.000000
281474976710655.000000	1.076786	3047	0.000000
281474976710655.000000	1.082982	3048	0.000000
281474976710655.000000	1.061273	3049	0.000000
281474976710655.000000	1.063007	3050	0.000000
281474976710655.000000	1.099288	3051	0.000000
281474976710655.000000	1.068927	3052	0.000000
281474976710655.000000	1.029141	3053	0.000000
281474976710655.000000	1.039012	3054	0.000000
281474976710655.000000	1.065896	3055	0.000000
281474976710655.000000	1.016215	3056	0.000000
281474976710655.000000	1.055633	3057	0.000000
281474976710655.000000	1.060879	3058	0.000000
281474976710655.000000	1.096737	3059	0.000000
281474976710655.000000	1.087145	3060	0.000000
281474976710655.000000	1.071696	3061	0.000000
281474976710655.000000	1.116112	3062	0.000000
281474976710655.000000	1.054410	3063	0.000000
281474976710655.000000	1.029912	3064	0.000000
281474976710655.000000	1.092433	3065	0.000000
281474976710655.000000	1.046655	3066	0.000000
281474976710655.000000	1.123217	3067	0.000000
281474976710655.000000	1.061985	3068	0.000000
281474976710655.000000	1.059199	3069	0.000000
281474976710655.000000	1.039107	3070	0.000000
281474976710655.000000	1.082981	3071	0.000000
281474976710655.000000	1.096290	3072	0.000000
281474976710655.000000	1.030222	3073	0.000000
281474976710655.000000	1.035359	3074	0.000000
281474976710655.000000	1.074028	3075	0.000000
281474976710655.000000	1.093715	3076	0.000000
281474976710655.000000	1.061281	3077	0.000000
281474976710655.000000	1.074691	3078	0.000000
281474976710655.000000	1.091273	3079	0.000000
281474976710655.000000	1.040663	3080	0.000000
281474976710655.000000	1.051459	3081	0.000000
281474976710655.000000	1.049469	3082	0.000000
281474976710655.000000	1.073439	3083	0.000000
281474976710655.000000	1.056321	3084	0.000000
281474976710655.000000	1.011971	3085	0.000000
281474976710655.000000	1.061801	3086	0.000000
281474976710655.000000	1.095681	3087	0.000000
281474976710655.000000	1.038820	3088	0.000000
281474976710655.000000	1.111148	3089	0.000000
281474976710655.000000	1.063163	3090	0.000000
281474976710655.000000	1.081012	3091	0.000000
281474976710655.000000	1.020552	3092	0.000000
281474976710655.000000	1.070902	3093	0.000000
281474976710655.000000	1.072167	3094	0.000000
281474976710655.000000	1.059868	3095	0.000000
281474976710655.000000	1.040695	3096	0.000000
281474976710655.000000	1.096918	3097	0.000000
281474976710655.000000	1.070848	3098	0.000000
281474976710655.000000	1.078546	3099	0.000000
281474976710655.000000	1.058687	3100	0.000000
281474976710655.000000	1.063384	3101	0.000000
281474976710655.000000	1.107716	3102	0.000000
281474976710655.000000	1.083825	3103	0.000000
281474976710655.000000	1.002637	3104	0.000000
281474976710655.000000	1.026687	3105	0.000000
281474976710655.000000	1.070166	3106	0.000000
281474976710655.000000	1.089734	3107	0.000000
281474976710655.000000	1.019881	3108	0.000000
281474976710655.000000	1.051067	3109	0.000000
281474976710655.000000	1.068979	3110	0.000000
281474976710655.000000	1.018229	3111	0.000000
281474976710655.000000	1.049499	3112	0.000000
281474976710655.000000	1.053370	3113	0.000000
281474976710655.000000	1.041428	3114	0.000000
281474976710655.000000	1.061717	3115	0.000000
281474976710655.000000	1.102961	3116	0.000000
281474976710655.000000	1.086900	3117	0.000000
281474976710655.000000	1.049772	3118	0.000000
281474976710655.000000	1.020667	3119	0.000000
281474976710655.000000	1.093985	3120	0.000000
281474976710655.000000	1.022952	3121	0.000000
281474976710655.000000	1.019131	3122	0.000000
281474976710655.000000	1.094808	3123	0.000000
281474976710655.000000	1.094032	3124	0.000000
281474976710655.000000	1.060662	3125	0.000000
281474976710655.000000	1.044643	3126	0.000000
281474976710655.000000	1.078073	3127	0.000000
281474976710655.000000	1.011439	3128	0.000000
281474976710655.000000	1.015364	3129	0.000000
281474976710655.000000	1.089904	3130	0.000000
281474976710655.000000	1.082818	3131	0.000000
281474976710655.000000	0.995940	3132	0.000000
281474976710655.000000	1.040600	3133	0.000000
281474976710655.000000	1.039499	3134	0.000000
281474976710655.000000	1.060819	3135	0.000000
281474976710655.000000	1.087495	3136	0.000000
281474976710655.000000	1.060712	3137	0.000000
281474976710655.000000	1.033038	3138	0.000000
281474976710655.000000	1.073946	3139	0.000000
281474976710655.000000	1.010509	3140	0.000000
281474976710655.000000	1.092068	3141	0.000000
281474976710655.000000	1.028114	3142	0.000000
281474976710655.000000	1.020952	3143	0.000000
281474976710655.000000	1.069377	3144	0.000000
281474976710655.000000	1.064154	3145	0.000000
281474976710655.000000	1.050598	3146	0.000000
281474976710655.000000	1.020932	3147	0.000000
281474976710655.000000	1.019007	3148	0.000000
281474976710655.000000	1.052452	3149	0.000000
281474976710655.000000	1.056598	3150	0.000000
281474976710655.000000	1.028609	3151	0.000000
281474976710655.000000	1.069639	3152	0.000000
281474976710655.000000	1.020686	3153	0.000000
281474976710655.000000	1.064649	3154	0.000000
281474976710655.000000	1.061445	3155	0.000000
281474976710655.000000	0.991756	3156	0.000000
281474976710655.000000	1.072023	3157	0.000000
281474976710655.000000	1.000147	3158	0.000000
281474976710655.000000	1.028076	3159	0.000000
281474976710655.000000	1.050865	3160	0.000000
281474976710655.000000	1.072841	3161	0.000000
281474976710655.000000	1.038921	3162	0.000000
281474976710655.000000	0.985224	3163	0.000000
281474976710655.000000	1.063430	3164	0.000000
281474976710655.000000	1.040331	3165	0.000000
281474976710655.000000	1.034914	3166	0.000000
281474976710655.000000	1.083797	3167	0.000000
281474976710655.000000	1.020705	3168	0.000000
281474976710655.000000	1.033913	3169	0.000000
281474976710655.000000	1.068013	3170	0.000000
281474976710655.000000	1.034056	3171	0.000000
281474976710655.000000	1.032285	3172	0.000000
281474976710655.000000	1.071451	3173	0.000000
281474976710655.000000	1.040493	3174	0.000000
281474976710655.000000	1.008051	3175	0.000000
281474976710655.000000	1.084720	3176	0.000000
281474976710655.000000	1.063204	3177	0.000000
281474976710655.000000	1.067050	3178	0.000000
281474976710655.000000	1.041022	3179	0.000000
281474976710655.000000	1.050518	3180	0.000000
281474976710655.000000	1.039009	3181	0.000000
281474976710655.000000	1.027454	3182	0.000000
281474976710655.000000	1.066017	3183	0.000000
281474976710655.000000	1.040699	3184	0.000000
281474976710655.000000	1.059166	3185	0.000000
281474976710655.000000	1.051750	3186	0.000000
281474976710655.000000	1.102950	3187	0.000000
281474976710655.000000	1.011501	3188	0.000000
281474976710655.000000	1.043434	3189	0.000000
281474976710655.000000	1.073612	3190	0.000000
281474976710655.000000	1.026186	3191	0.000000
281474976710655.000000	1.010584	3192	0.000000
281474976710655.000000	1.099517	3193	0.000000
281474976710655.000000	1.016148	3194	0.000000
281474976710655.000000	1.085441	3195	0.000000
281474976710655.000000	1.050483	3196	0.000000
281474976710655.000000	1.010863	3197	0.000000
281474976710655.000000	1.005383	3198	0.000000
281474976710655.000000	1.065950	3199	0.000000
281474976710655.000000	1.025977	3200	0.000000
281474976710655.000000	1.077891	3201	0.000000
281474976710655.000000	1.066165	3202	0.000000
281474976710655.000000	1.073752	3203	0.000000
281474976710655.000000	1.031017	3204	0.000000
281474976710655.000000	1.080188	3205	0.000000
281474976710655.000000	1.060608	3206	0.000000
281474976710655.000000	1.025016	3207	0.000000
281474976710655.000000	1.022822	3208	0.000000
281474976710655.000000	1.076104	3209	0.000000
281474976710655.000000	1.072656	3210	0.000000
281474976710655.000000	1.067781	3211	0.000000
281474976710655.000000	1.048331	3212	0.000000
281474976710655.000000	1.017523	3213	0.000000
281474976710655.000000	1.005939	3214	0.000000
281474976710655.000000	1.046596	3215	0.000000
281474976710655.000000	1.054765	3216	0.000000
281474976710655.000000	1.037520	3217	0.000000
281474976710655.000000	1.020969	3218	0.000000
281474976710655.000000	1.037841	3219	0.000000
281474976710655.000000	1.067660	3220	0.000000
281474976710655.000000	0.994485	3221	0.000000
281474976710655.000000	1.042178	3222	0.000000
