time (s)	det(V)
4331.383589	0.032296	
4331.385590	0.032207	
4331.387590	0.034939	
4331.391589	0.040831	
4331.393590	0.043744	
4331.395590	0.046810	
4331.399590	0.045942	
4331.401590	0.053760	
4331.403590	0.053712	
4331.405589	0.061225	
4331.407589	0.064784	
4331.411589	0.068369	
4331.413590	0.071794	
4331.417590	0.073659	
4331.419590	0.081467	
4331.421590	0.090054	
4331.423590	0.096297	
4331.425589	0.098904	
4331.429589	0.106943	
4331.431589	0.110260	
4331.433589	0.116461	
4331.437590	0.121048	
4331.439590	0.138080	
4331.441589	0.143933	
4331.443590	0.151137	
4331.445590	0.158934	
4331.449589	0.163404	
4331.451590	0.175875	
4331.455590	0.181891	
4331.457590	0.206249	
4331.459590	0.215055	
4331.461590	0.226985	
4331.463590	0.233360	
4331.467589	0.241606	
4331.469591	0.259933	
4331.471589	0.274633	
4331.475593	0.289976	
4331.477590	0.318183	
4331.479590	0.329294	
4331.481590	0.340077	
4331.483590	0.355995	
4331.485590	0.367847	
4331.489590	0.381266	
4331.493590	0.411687	
4331.495589	0.446168	
4331.497590	0.459437	
4331.499592	0.476476	
4331.501590	0.494362	
4331.505589	0.510599	
4331.507590	0.551071	
4331.509589	0.569915	
4331.511590	0.591153	
4331.513590	0.606541	
4331.515590	0.625558	
4331.517589	0.646578	
4331.519590	0.662446	
4331.521589	0.685358	
4331.525589	0.706978	
4331.529589	0.744924	
4331.531590	0.775540	
4331.533590	0.794934	
4331.535591	0.810070	
4331.537590	0.827298	
4331.539590	0.845711	
4331.541589	0.859892	
4331.543590	0.874491	
4331.545589	0.886267	
4331.547590	0.895611	
4331.549589	0.905656	
4331.553590	0.915139	
4331.555590	0.935292	
4331.557589	0.941913	
4331.559590	0.946723	
4331.561590	0.952426	
4331.565588	0.950338	
4331.567590	0.947603	
4331.569589	0.942315	
4331.571590	0.942452	
4331.573590	0.941251	
4331.575589	0.934102	
4331.577590	0.930616	
4331.579590	0.918705	
4331.581590	0.906321	
4331.583590	0.896674	
4331.585590	0.880697	
4331.587591	0.867623	
4331.591590	0.856615	
4331.593590	0.826401	
4331.595589	0.810613	
4331.597590	0.788662	
4331.599589	0.770234	
4331.601588	0.750405	
4331.605588	0.727621	
4331.607591	0.686836	
4331.609590	0.664829	
4331.613590	0.643439	
4331.615590	0.591761	
4331.617590	0.567553	
4331.619590	0.538917	
4331.621590	0.516041	
4331.623590	0.491662	
4331.627590	0.461986	
4331.631590	0.409182	
4331.633590	0.356777	
4331.635589	0.325648	
4331.637589	0.296637	
4331.639590	0.270341	
4331.643588	0.238932	
4331.645590	0.179318	
4331.647590	0.144209	
4331.649589	0.114799	
4331.651590	0.082919	
4331.653590	0.050984	
4331.655589	0.024162	
4331.657589	-0.007252	
4331.659589	-0.041780	
4331.661589	-0.069101	
4331.663590	-0.106944	
4331.665589	-0.141895	
4331.669590	-0.173304	
4331.671590	-0.235268	
4331.673592	-0.263583	
4331.675590	-0.297201	
4331.677589	-0.323886	
4331.679589	-0.357838	
4331.683588	-0.391547	
4331.685589	-0.447950	
4331.687590	-0.473856	
4331.691590	-0.497766	
4331.693589	-0.550069	
4331.695590	-0.575146	
4331.697590	-0.603396	
4331.699590	-0.627888	
4331.703589	-0.651353	
4331.705590	-0.694547	
4331.709590	-0.714402	
4331.711590	-0.749301	
4331.713590	-0.771916	
4331.715590	-0.790529	
4331.717590	-0.805047	
4331.721589	-0.823253	
4331.723589	-0.847736	
4331.725589	-0.860904	
4331.729590	-0.869521	
4331.731589	-0.893686	
4331.733590	-0.899143	
4331.735591	-0.908885	
4331.737589	-0.914531	
4331.741589	-0.915506	
4331.745588	-0.923909	
4331.747590	-0.928272	
4331.749589	-0.927195	
4331.751589	-0.925606	
4331.753590	-0.925419	
4331.755589	-0.917645	
4331.757590	-0.911359	
4331.759590	-0.908745	
4331.761590	-0.900556	
4331.765590	-0.897346	
4331.767589	-0.879986	
4331.769590	-0.870885	
4331.771590	-0.855489	
4331.773591	-0.841460	
4331.775590	-0.830162	
4331.777590	-0.813505	
4331.779589	-0.800835	
4331.781590	-0.791121	
4331.783590	-0.773239	
4331.787590	-0.759634	
4331.789590	-0.719587	
4331.791590	-0.702473	
4331.793589	-0.681472	
4331.795589	-0.662695	
4331.797590	-0.647900	
4331.799590	-0.629368	
4331.801590	-0.610651	
4331.803590	-0.594268	
4331.805590	-0.572053	
4331.807591	-0.551781	
4331.811590	-0.533309	
4331.813590	-0.495666	
4331.815590	-0.479179	
4331.817590	-0.460164	
4331.819589	-0.444257	
4331.823588	-0.427199	
4331.825589	-0.397995	
4331.827589	-0.378912	
4331.831590	-0.365908	
4331.833589	-0.335310	
4331.835589	-0.322252	
4331.837590	-0.307709	
4331.839590	-0.290896	
4331.841590	-0.279029	
4331.845590	-0.267117	
4331.849590	-0.246692	
4331.851589	-0.224621	
4331.853591	-0.215857	
4331.855590	-0.203381	
4331.857589	-0.193478	
4331.861588	-0.184652	
4331.863590	-0.172337	
4331.865589	-0.166194	
4331.867589	-0.159078	
4331.869590	-0.152124	
4331.871590	-0.142706	
4331.873591	-0.133758	
4331.875591	-0.129138	
4331.877590	-0.120303	
4331.879590	-0.117496	
4331.881590	-0.116466	
4331.883590	-0.110422	
4331.887590	-0.107019	
4331.889590	-0.093911	
4331.891589	-0.090861	
4331.893590	-0.083915	
4331.895590	-0.080269	
4331.897590	-0.080479	
4331.901589	-0.076584	
4331.903590	-0.073551	
4331.905589	-0.066843	
4331.909590	-0.062964	
4331.911591	-0.054754	
4331.913590	-0.055379	
4331.915590	-0.054247	
4331.917589	-0.050995	
4331.921588	-0.050226	
4331.923590	-0.042690	
4331.927590	-0.041842	
4331.929590	-0.036508	
4331.931589	-0.036597	
4331.933589	-0.033737	
4331.935589	-0.034012	
4331.939589	-0.030490	
4331.941590	-0.027592	
4331.943590	-0.023741	
4331.947590	-0.021969	
4331.949589	-0.020514	
4331.951589	-0.019009	
4331.953589	-0.020180	
4331.955590	-0.014560	
4331.959588	-0.012614	
4331.961589	-0.010335	
4331.965590	-0.014879	
4331.967589	-0.011004	
4331.969590	-0.011440	
4331.971590	-0.007815	
4331.973590	-0.004673	
4331.977588	-0.005282	
4331.979590	-0.006289	
4331.981590	-0.007893	
4331.985590	-0.006202	
4331.987590	-0.004084	
4331.989590	0.000534	
4331.991590	-0.001150	
4331.993590	0.000717	
4331.995590	0.002014	
4331.999590	-0.002973	
4332.003590	-0.002376	
4332.005590	0.001406	
4332.007589	0.003121	
4332.009594	0.002585	
4332.011590	0.004126	
4332.015590	0.001113	
4332.017590	-0.000925	
4332.019591	-0.003888	
4332.021590	0.001032	
4332.023590	0.003400	
4332.025590	0.002582	
4332.027589	0.005794	
4332.029589	0.003397	
4332.031589	0.001088	
4332.033590	0.001855	
4332.035590	-0.001936	
4332.037590	0.000323	
4332.041590	0.002006	
4332.043591	0.003012	
4332.045590	0.004208	
4332.047590	0.002110	
4332.049589	0.001626	
4332.051590	0.001968	
4332.053590	0.000117	
4332.055589	0.003540	
4332.057590	0.001906	
4332.059592	0.001180	
4332.061589	0.004218	
4332.065590	-0.000014	
4332.067590	0.001471	
4332.069590	0.000021	
4332.071590	0.003295	
4332.073590	0.004937	
4332.077588	0.002347	
4332.079589	0.001731	
4332.081590	-0.001480	
4332.085590	-0.000495	
4332.087591	0.001095	
4332.089590	0.004293	
4332.091590	0.003114	
4332.093589	0.005429	
4332.095590	0.004923	
4332.099590	-0.000593	
4332.103590	-0.000046	
4332.105590	0.003469	
4332.107590	0.004340	
4332.109591	0.003956	
4332.111590	0.005215	
4332.115590	0.002624	
4332.117589	-0.001448	
4332.119589	-0.001710	
4332.121589	0.000449	
4332.123590	0.003946	
4332.125590	0.003133	
4332.127589	0.005910	
4332.129590	0.002846	
4332.131590	0.000846	
4332.133590	0.002330	
4332.135589	-0.002106	
4332.137591	-0.000856	
4332.141590	0.001269	
4332.143590	0.003030	
4332.145591	0.003407	
4332.147590	0.001218	
4332.149590	0.000982	
4332.151591	0.000700	
4332.153590	-0.000452	
4332.155590	0.003084	
4332.157590	0.000961	
4332.159589	0.000754	
4332.161589	0.001667	
4332.165590	-0.000798	
4332.167589	0.000029	
4332.169589	-0.001450	
4332.171589	0.002038	
4332.173590	0.002922	
4332.177589	0.001609	
4332.179590	-0.001223	
4332.181590	-0.004303	
4332.185590	-0.001798	
4332.187590	-0.000741	
4332.189590	0.002319	
4332.191590	0.000468	
4332.193589	0.001408	
4332.195590	0.002363	
4332.199589	-0.003280	
4332.203590	-0.004018	
4332.205589	0.000423	
4332.207590	0.000813	
4332.209590	-0.000100	
4332.211590	0.001377	
4332.215589	-0.001991	
4332.217590	-0.004565	
4332.219591	-0.007312	
4332.223590	-0.003256	
4332.225589	-0.001513	
4332.227589	0.001990	
4332.229590	-0.001217	
4332.231589	-0.003297	
4332.233590	-0.001999	
4332.237590	-0.006379	
4332.241591	-0.001504	
4332.243590	0.000406	
4332.245590	-0.000024	
4332.247590	-0.001974	
4332.249590	-0.002852	
4332.253589	-0.002185	
4332.255590	-0.001983	
4332.257590	-0.002760	
4332.259589	-0.002104	
4332.263590	-0.002293	
4332.265590	-0.002591	
4332.267590	-0.002180	
4332.269590	-0.004038	
4332.271589	0.000427	
4332.275590	0.000049	
4332.279590	0.000993	
4332.281590	-0.002256	
4332.283590	-0.000042	
4332.285589	-0.003354	
4332.287589	-0.001012	
4332.291589	0.002548	
4332.293589	0.000341	
4332.295590	-0.000395	
4332.297589	-0.002979	
4332.299591	-0.002139	
4332.301591	-0.000647	
4332.303590	-0.002042	
4332.305589	0.001951	
4332.307590	0.002097	
4332.309589	0.002551	
4332.311588	0.002209	
4332.313590	-0.002688	
4332.317589	-0.002868	
4332.319590	-0.003545	
4332.321590	0.002176	
4332.323590	0.003567	
4332.325589	0.002068	
4332.327589	0.005395	
4332.329589	0.001648	
4332.331589	-0.000392	
4332.333590	-0.000262	
4332.335590	-0.002782	
4332.337590	-0.001321	
4332.341590	0.003100	
4332.343589	0.005549	
4332.345590	0.005386	
4332.347590	0.002439	
4332.349590	0.003146	
4332.353589	0.004559	
4332.355589	0.004781	
4332.357590	0.006042	
4332.361589	0.007472	
4332.363589	0.007280	
4332.365589	0.008155	
4332.367590	0.008805	
4332.369589	0.007959	
4332.371590	0.013214	
4332.375590	0.013674	
4332.379590	0.016244	
4332.381590	0.014998	
4332.383590	0.018916	
4332.385590	0.017204	
4332.387589	0.021145	
4332.391588	0.025323	
4332.393590	0.026466	
4332.395589	0.027788	
4332.397590	0.026184	
4332.399590	0.029764	
4332.401590	0.031460	
4332.403595	0.033407	
4332.405590	0.038686	
4332.407590	0.040491	
4332.409589	0.043325	
4332.411589	0.045714	
4332.413589	0.043539	
4332.417590	0.048275	
4332.419590	0.049803	
4332.421590	0.057457	
4332.423590	0.061700	
4332.425590	0.062852	
4332.427590	0.068637	
4332.429588	0.068972	
4332.431590	0.067567	
4332.433589	0.073136	
4332.435589	0.073354	
4332.439590	0.079452	
4332.441589	0.090470	
4332.443590	0.096853	
4332.445590	0.099980	
4332.447590	0.100999	
4332.451589	0.106291	
4332.453590	0.113354	
4332.455590	0.121547	
4332.459590	0.126247	
4332.461590	0.140838	
4332.463590	0.144976	
4332.465590	0.149253	
4332.467589	0.157769	
4332.469590	0.162355	
4332.473589	0.172197	
4332.477590	0.187805	
4332.479590	0.205229	
4332.481590	0.213795	
4332.483590	0.224429	
4332.485590	0.231348	
4332.489588	0.244820	
4332.491590	0.266477	
4332.493589	0.280494	
4332.497590	0.291335	
4332.499589	0.316350	
4332.501590	0.329935	
4332.503590	0.343572	
4332.505589	0.361226	
4332.507590	0.377098	
4332.511590	0.389225	
4332.515590	0.414607	
4332.517590	0.448076	
4332.519591	0.464642	
4332.521590	0.485144	
4332.523590	0.505181	
4332.527590	0.521824	
4332.529589	0.555799	
4332.531591	0.571717	
4332.533589	0.591567	
4332.535592	0.609480	
4332.537594	0.630038	
4332.539591	0.652211	
4332.541589	0.668428	
4332.543590	0.688348	
4332.545590	0.705216	
4332.547589	0.718636	
4332.549590	0.735578	
4332.553589	0.752329	
4332.555590	0.787834	
4332.557590	0.803748	
4332.559590	0.819708	
4332.561589	0.833953	
4332.563590	0.844454	
4332.567590	0.855669	
4332.569590	0.875284	
4332.571590	0.889416	
4332.575590	0.900418	
4332.577591	0.919216	
4332.579589	0.922774	
4332.581589	0.925138	
4332.583590	0.931405	
4332.585590	0.932148	
4332.589590	0.935806	
4332.593590	0.937484	
4332.595590	0.935356	
4332.597590	0.928400	
4332.599592	0.924385	
4332.601589	0.916903	
4332.605589	0.907935	
4332.607589	0.893226	
4332.609590	0.881089	
4332.611589	0.869292	
4332.613590	0.853906	
4332.615589	0.838202	
4332.617589	0.823901	
4332.619589	0.804114	
4332.621589	0.790006	
4332.623590	0.773549	
4332.625589	0.749738	
4332.627590	0.730104	
4332.629590	0.704448	
4332.633590	0.679103	
4332.635589	0.629433	
4332.637589	0.607039	
4332.639589	0.582966	
4332.641589	0.554564	
4332.645589	0.528298	
4332.647589	0.463189	
4332.649590	0.433654	
4332.653590	0.405645	
4332.655590	0.352066	
4332.657590	0.321816	
4332.659589	0.288765	
4332.661589	0.256406	
4332.663589	0.221040	
4332.667589	0.185960	
4332.671590	0.118385	
4332.673590	0.059275	
4332.675594	0.025220	
4332.677590	-0.005784	
4332.679590	-0.044747	
4332.683589	-0.078758	
4332.685589	-0.149218	
4332.687589	-0.177650	
4332.689590	-0.207053	
4332.691590	-0.238711	
4332.693589	-0.266865	
4332.695589	-0.300346	
4332.697590	-0.335429	
4332.699590	-0.364973	
4332.701589	-0.395760	
4332.703589	-0.423173	
4332.705590	-0.446458	
4332.707589	-0.472878	
4332.711590	-0.498994	
4332.713590	-0.554111	
4332.715590	-0.579833	
4332.717589	-0.603852	
4332.719589	-0.630241	
4332.723588	-0.648213	
4332.725588	-0.693961	
4332.727589	-0.713247	
4332.731590	-0.737011	
4332.733590	-0.774120	
4332.735590	-0.794666	
4332.737590	-0.807888	
4332.739589	-0.821431	
4332.743589	-0.837253	
4332.745589	-0.865562	
4332.749590	-0.879990	
4332.751589	-0.899847	
4332.753590	-0.908576	
4332.755590	-0.912197	
4332.757590	-0.918731	
4332.759590	-0.923278	
4332.761590	-0.928480	
4332.763589	-0.935840	
4332.765589	-0.939475	
4332.769589	-0.940256	
4332.771590	-0.935304	
4332.773590	-0.931056	
4332.775589	-0.927727	
4332.777590	-0.921567	
4332.779590	-0.920017	
4332.781590	-0.915038	
4332.783591	-0.906666	
4332.785590	-0.903765	
4332.789591	-0.891062	
4332.791590	-0.868333	
4332.793590	-0.851519	
4332.795590	-0.841020	
4332.797589	-0.829978	
4332.799590	-0.815495	
4332.801590	-0.801676	
4332.803590	-0.786439	
4332.805589	-0.768554	
4332.807590	-0.752201	
4332.811590	-0.733840	
4332.813591	-0.701718	
4332.815589	-0.682710	
4332.817591	-0.664673	
4332.819590	-0.647081	
4332.821589	-0.625185	
4332.825588	-0.605112	
4332.827590	-0.567778	
4332.829590	-0.553679	
4332.833590	-0.536278	
4332.835590	-0.498641	
4332.837590	-0.476678	
4332.839590	-0.457681	
4332.841590	-0.441532	
4332.845589	-0.424899	
4332.847590	-0.400161	
4332.851590	-0.384113	
4332.853590	-0.352915	
4332.855590	-0.333632	
4332.857590	-0.319784	
4332.859590	-0.304618	
4332.863589	-0.290640	
4332.865590	-0.271226	
4332.867589	-0.259218	
4332.871590	-0.248199	
4332.873590	-0.219831	
4332.875590	-0.210626	
4332.877589	-0.198914	
4332.879589	-0.193362	
4332.883589	-0.185367	
4332.885590	-0.172888	
4332.889590	-0.161398	
4332.891590	-0.144006	
4332.893590	-0.133192	
4332.895589	-0.129940	
4332.897590	-0.126753	
4332.901588	-0.119124	
4332.903589	-0.111853	
4332.905589	-0.103685	
4332.909590	-0.099038	
4332.911590	-0.087376	
4332.913589	-0.086113	
4332.915590	-0.082844	
4332.917590	-0.079192	
4332.919590	-0.076656	
4332.923590	-0.071352	
4332.927590	-0.064729	
4332.929590	-0.059296	
4332.931589	-0.057533	
4332.933589	-0.054028	
4332.935591	-0.054500	
4332.939589	-0.048386	
4332.941591	-0.045279	
4332.943589	-0.038697	
4332.945589	-0.040222	
4332.949589	-0.035883	
4332.951590	-0.035821	
4332.953590	-0.033701	
4332.955590	-0.027949	
4332.957590	-0.027082	
4332.961590	-0.025965	
4332.965590	-0.025543	
4332.967590	-0.022616	
4332.969588	-0.021089	
4332.971590	-0.016332	
4332.973589	-0.013952	
4332.977589	-0.013316	
4332.979588	-0.015083	
4332.981590	-0.013966	
4332.983590	-0.013321	
4332.985589	-0.013821	
4332.987590	-0.008404	
4332.989590	-0.005817	
4332.991589	-0.006008	
4332.993590	-0.002488	
4332.995591	-0.003352	
4332.997590	-0.007267	
4332.999590	-0.006886	
4333.003590	-0.006994	
4333.005590	-0.001340	
4333.007590	-0.000686	
4333.009589	0.002432	
4333.011589	0.002417	
4333.013590	-0.000689	
4333.015590	-0.000647	
4333.017589	-0.000887	
4333.019590	-0.003577	
4333.021590	0.001240	
4333.023589	0.002848	
4333.027591	0.001254	
4333.029588	0.003200	
4333.031590	0.001065	
4333.033589	0.002597	
4333.035589	0.000147	
4333.039589	0.003742	
4333.041589	0.002067	
4333.043589	0.005683	
4333.047590	0.002130	
4333.049589	0.003662	
4333.051590	0.001837	
4333.053589	0.002476	
4333.055589	0.005911	
4333.057590	0.005878	
4333.061590	0.004384	
4333.065590	0.000337	
4333.067590	0.002524	
4333.069590	0.000994	
4333.071590	0.005269	
4333.073590	0.005564	
4333.077588	0.005103	
4333.079589	0.000661	
4333.081590	-0.000731	
4333.085590	0.001761	
4333.087590	0.002993	
4333.089589	0.005976	
4333.091589	0.003602	
4333.093589	0.007006	
4333.095590	0.004825	
4333.099589	0.000525	
4333.103590	-0.001065	
4333.105589	0.004931	
4333.107589	0.004456	
4333.109590	0.005704	
4333.111589	0.005774	
4333.115588	0.003086	
4333.117590	0.000075	
4333.119589	-0.001941	
4333.123590	0.002493	
4333.125590	0.004621	
4333.127590	0.006935	
4333.129590	0.002706	
4333.131590	0.001843	
4333.133589	0.003259	
4333.137590	-0.001478	
4333.141590	0.003203	
4333.143590	0.007154	
4333.145590	0.003981	
4333.147590	0.001285	
4333.149590	0.002396	
4333.153588	0.000802	
4333.155589	0.002623	
4333.157590	0.000597	
4333.161590	0.002773	
4333.163589	0.001284	
4333.165590	0.001674	
4333.167590	0.000138	
4333.169589	-0.000241	
4333.171590	0.003478	
4333.175590	0.002724	
4333.179590	0.002490	
4333.181589	-0.000970	
4333.183590	0.000617	
4333.185589	-0.002474	
4333.187590	0.001273	
4333.191589	0.003299	
4333.193591	0.002627	
4333.195590	-0.000432	
4333.197589	-0.003608	
4333.199590	-0.001190	
4333.201590	-0.002584	
4333.203589	-0.001090	
4333.205590	0.001724	
4333.207589	0.000468	
4333.209590	0.002416	
4333.211589	0.000543	
4333.213589	-0.003793	
4333.217590	-0.004124	
4333.219590	-0.005131	
4333.221590	-0.000150	
4333.223590	0.001349	
4333.225590	0.000412	
4333.227590	0.001607	
4333.231589	-0.001630	
4333.233590	-0.004685	
4333.235590	-0.007247	
4333.239590	-0.002842	
4333.241589	-0.001829	
4333.243590	0.001934	
4333.245589	-0.001087	
4333.247590	-0.003935	
4333.251589	-0.002564	
4333.253591	-0.005353	
4333.257590	-0.002637	
4333.259589	-0.000411	
4333.261590	0.000265	
4333.263589	-0.003140	
4333.265590	-0.003594	
4333.269588	-0.003922	
4333.271590	-0.003125	
4333.273589	-0.003624	
4333.277590	-0.003805	
4333.279589	-0.003549	
4333.281590	-0.004308	
4333.283590	-0.003811	
4333.285590	-0.006417	
4333.289590	-0.002065	
4333.291591	-0.004727	
4333.295590	-0.001152	
4333.297590	-0.004650	
4333.299590	-0.003761	
4333.301590	-0.006007	
4333.303591	-0.004361	
4333.307588	-0.001567	
4333.309590	-0.001959	
4333.311589	-0.003757	
4333.315590	-0.006213	
4333.317590	-0.005311	
4333.319589	-0.005299	
4333.321591	-0.001211	
4333.323590	-0.000638	
4333.325589	-0.001269	
4333.329590	-0.001053	
4333.333590	-0.006577	
4333.335590	-0.006331	
4333.337590	-0.001398	
4333.339588	-0.000937	
4333.341590	-0.002171	
4333.345588	0.002966	
4333.347589	-0.006406	
4333.349590	-0.004035	
4333.351590	-0.007190	
4333.353590	-0.004110	
4333.355590	0.000275	
4333.357590	-0.000256	
4333.359589	0.001769	
4333.361589	0.000673	
4333.363590	-0.001676	
4333.365590	-0.004172	
4333.367589	-0.004666	
4333.371590	-0.004963	
4333.373590	0.000232	
4333.375589	0.001599	
4333.377590	0.004533	
4333.379589	0.000991	
4333.381590	-0.000698	
4333.383589	0.001273	
4333.385590	-0.001879	
4333.387589	0.001680	
4333.389590	0.003019	
4333.391590	0.001283	
4333.395590	0.007234	
4333.397589	0.003652	
4333.399589	0.005613	
4333.401590	0.003533	
4333.403590	0.006488	
4333.407589	0.010342	
4333.409589	0.009364	
4333.411589	0.011715	
4333.415590	0.008474	
4333.417590	0.012185	
4333.419590	0.013175	
4333.421590	0.017529	
4333.423589	0.019145	
4333.425590	0.020881	
4333.429590	0.023452	
4333.433590	0.019528	
4333.435591	0.023435	
4333.437589	0.030039	
4333.439588	0.033135	
4333.441590	0.033517	
4333.445589	0.038472	
4333.447590	0.036693	
4333.449591	0.038729	
4333.451589	0.039492	
4333.453590	0.044509	
4333.455590	0.051396	
4333.457589	0.052994	
4333.459591	0.058670	
4333.461590	0.060415	
4333.463590	0.060909	
4333.465589	0.063155	
4333.467589	0.063818	
4333.471588	0.068005	
4333.473590	0.080093	
4333.475593	0.084699	
4333.477589	0.091119	
4333.479590	0.091719	
4333.481590	0.094382	
4333.485589	0.100454	
4333.487591	0.110428	
4333.489590	0.115951	
4333.493590	0.120955	
4333.495589	0.133496	
4333.497590	0.138294	
4333.499590	0.145923	
4333.501590	0.149627	
4333.505588	0.159228	
4333.507590	0.173122	
4333.511590	0.184295	
4333.513589	0.198318	
4333.515590	0.208665	
4333.517590	0.216402	
4333.519589	0.226136	
4333.523588	0.240008	
4333.525590	0.260470	
4333.527594	0.274321	
4333.531590	0.281034	
4333.533590	0.308507	
4333.535590	0.319667	
4333.537590	0.338131	
4333.539590	0.353069	
4333.543589	0.366081	
4333.545589	0.392741	
4333.549590	0.405614	
4333.551590	0.435508	
4333.553590	0.456909	
4333.555589	0.477148	
4333.557589	0.493546	
4333.561589	0.515467	
4333.563589	0.545683	
4333.565590	0.566170	
4333.569590	0.583035	
4333.571591	0.626714	
4333.573590	0.646494	
4333.575590	0.665795	
4333.577590	0.686677	
4333.579589	0.701447	
4333.583590	0.717222	
4333.587591	0.751831	
4333.589590	0.793316	
4333.591589	0.808197	
4333.593590	0.827730	
4333.595589	0.838880	
4333.599589	0.851303	
4333.601589	0.873599	
4333.603589	0.888110	
4333.605589	0.901282	
4333.607591	0.911020	
4333.609590	0.922914	
4333.611590	0.929745	
4333.613590	0.932796	
4333.615590	0.939554	
4333.617590	0.941951	
4333.619591	0.943283	
4333.621590	0.949908	
4333.623589	0.950508	
4333.627592	0.951925	
4333.629590	0.945451	
4333.631590	0.941119	
4333.633590	0.937069	
4333.635590	0.928785	
4333.639589	0.926931	
4333.641590	0.906359	
4333.643590	0.899874	
4333.645588	0.884071	
4333.647591	0.870443	
4333.649590	0.858984	
4333.651588	0.841015	
4333.653590	0.826813	
4333.655589	0.813027	
4333.657589	0.793202	
4333.659590	0.776358	
4333.661591	0.753671	
4333.665589	0.729737	
4333.667590	0.684789	
4333.669590	0.661143	
4333.671589	0.641422	
4333.673588	0.616216	
4333.675589	0.590907	
4333.679589	0.565007	
4333.681589	0.503460	
4333.683589	0.476010	
4333.687590	0.443087	
4333.689590	0.395094	
4333.691589	0.365794	
4333.693590	0.338411	
4333.695589	0.301915	
4333.699588	0.268263	
4333.701589	0.198860	
4333.705590	0.169881	
4333.707590	0.107156	
4333.709590	0.076067	
4333.711590	0.042899	
4333.713589	0.006873	
4333.717588	-0.027702	
4333.719590	-0.094965	
4333.721590	-0.124274	
4333.725590	-0.156015	
4333.727592	-0.213456	
4333.729589	-0.249536	
4333.731590	-0.279542	
4333.733590	-0.308150	
4333.735589	-0.340077	
4333.739590	-0.367221	
4333.743591	-0.420320	
4333.745590	-0.469699	
4333.747590	-0.496602	
4333.749594	-0.521978	
4333.751590	-0.550585	
4333.755589	-0.572479	
4333.757590	-0.621060	
4333.759589	-0.640631	
4333.761590	-0.664662	
4333.763591	-0.689336	
4333.765590	-0.708653	
4333.767590	-0.730009	
4333.769590	-0.751468	
4333.771589	-0.765736	
4333.775589	-0.784508	
4333.777590	-0.820142	
4333.779591	-0.838862	
4333.781590	-0.854576	
4333.783590	-0.866875	
4333.785590	-0.881989	
4333.787590	-0.889278	
4333.789591	-0.900268	
4333.791590	-0.911018	
4333.793591	-0.916783	
4333.795591	-0.929550	
4333.797590	-0.938821	
4333.801590	-0.943309	
4333.803590	-0.949852	
4333.805589	-0.947648	
4333.807590	-0.949814	
4333.809590	-0.946806	
4333.811590	-0.945343	
4333.813590	-0.945752	
4333.815590	-0.941295	
4333.817589	-0.937424	
4333.821589	-0.931799	
4333.823590	-0.909457	
4333.825590	-0.897895	
4333.827590	-0.883580	
4333.829590	-0.875762	
4333.831589	-0.862847	
4333.833589	-0.847079	
4333.835589	-0.833352	
4333.837590	-0.815387	
4333.841590	-0.797460	
4333.843589	-0.761613	
4333.845590	-0.744347	
4333.847590	-0.727671	
4333.849589	-0.706909	
4333.851590	-0.690786	
4333.853590	-0.669563	
4333.855590	-0.645534	
4333.857589	-0.630679	
4333.859589	-0.609198	
4333.863590	-0.590306	
4333.865590	-0.554500	
4333.867590	-0.535918	
4333.869590	-0.516124	
4333.871589	-0.493809	
4333.873589	-0.477334	
4333.877588	-0.458237	
4333.879592	-0.431776	
4333.881590	-0.416929	
4333.885590	-0.401352	
4333.887590	-0.368578	
4333.889590	-0.352049	
4333.891590	-0.339320	
4333.893590	-0.322832	
4333.895590	-0.312551	
4333.899591	-0.303075	
4333.903590	-0.280135	
4333.905590	-0.250570	
4333.907591	-0.241618	
4333.909590	-0.228841	
4333.911589	-0.220404	
4333.915589	-0.213908	
4333.917590	-0.197705	
4333.919590	-0.189771	
4333.921590	-0.177884	
4333.923591	-0.169536	
4333.925590	-0.161549	
4333.927590	-0.151529	
4333.929590	-0.149187	
4333.931591	-0.143436	
4333.933589	-0.135494	
4333.935590	-0.133454	
4333.937590	-0.123757	
4333.941589	-0.117546	
4333.943590	-0.103780	
4333.945589	-0.103130	
4333.947590	-0.099580	
4333.949590	-0.093584	
4333.951590	-0.092154	
4333.955588	-0.085625	
4333.957590	-0.078353	
4333.959590	-0.071829	
4333.963590	-0.070869	
4333.965590	-0.065229	
4333.967588	-0.062584	
4333.969590	-0.059656	
4333.971589	-0.053391	
4333.975589	-0.051161	
4333.977589	-0.045762	
4333.981590	-0.047713	
4333.983590	-0.041776	
4333.985589	-0.041781	
4333.987590	-0.035996	
4333.989590	-0.032704	
4333.993589	-0.032162	
4333.995589	-0.031346	
4333.997590	-0.032161	
4334.001590	-0.027927	
4334.003590	-0.023486	
4334.005590	-0.019467	
4334.007590	-0.019944	
4334.009590	-0.015970	
4334.011589	-0.016556	
4334.015589	-0.019940	
4334.019590	-0.018877	
4334.021590	-0.010543	
4334.023590	-0.009967	
4334.025590	-0.009486	
4334.027590	-0.007183	
4334.031589	-0.009316	
4334.033589	-0.010886	
4334.035589	-0.011661	
4334.039590	-0.007457	
4334.041590	-0.004424	
4334.043590	-0.000726	
4334.045590	-0.003877	
4334.047590	-0.004578	
4334.049590	-0.002312	
4334.053589	-0.006234	
4334.057590	-0.001097	
4334.059590	0.001900	
4334.061589	0.000706	
4334.063590	-0.001919	
4334.065589	-0.000301	
4334.069588	-0.001634	
4334.071590	0.000065	
4334.073590	0.000460	
4334.077590	0.000046	
4334.079590	0.000424	
4334.081590	0.000505	
4334.083589	0.000941	
4334.085590	-0.000760	
4334.087590	0.003331	
4334.091589	0.002993	
4334.095590	0.003846	
4334.097591	0.000015	
4334.099590	0.002093	
4334.101589	-0.000648	
4334.103590	0.001010	
4334.107589	0.004274	
4334.109590	0.003595	
4334.111590	0.000584	
4334.113590	-0.001012	
4334.115590	0.000445	
4334.117590	-0.000517	
4334.119590	0.000737	
4334.121590	0.003815	
4334.123590	0.002660	
4334.125590	0.004391	
4334.127590	0.003273	
4334.129591	-0.001005	
4334.133589	-0.001054	
4334.135590	-0.002155	
4334.137589	0.003105	
4334.139590	0.004088	
4334.141590	0.002653	
4334.143591	0.005005	
4334.147588	0.002105	
4334.149590	-0.000519	
4334.151589	-0.002722	
4334.155590	0.000062	
4334.157590	0.002552	
4334.159590	0.006069	
4334.161590	0.003409	
4334.163590	0.001305	
4334.167588	0.002087	
4334.169590	-0.001883	
4334.173590	0.001981	
4334.175590	0.003333	
4334.177588	0.005343	
4334.179588	0.001571	
4334.181590	0.000395	
4334.185588	0.001924	
4334.187589	0.001564	
4334.189590	0.002811	
4334.193590	0.000876	
4334.195589	0.001879	
4334.197590	0.000150	
4334.199590	0.001384	
4334.201590	-0.001478	
4334.205588	0.002370	
4334.207589	-0.000026	
4334.211590	0.003304	
4334.213590	0.000335	
4334.215590	0.000620	
4334.217590	-0.001828	
4334.219590	-0.000913	
4334.223589	0.002547	
4334.225589	0.000442	
4334.227590	0.001388	
4334.231590	-0.003472	
4334.233589	-0.000205	
4334.235589	-0.002962	
4334.237591	0.000754	
4334.239589	0.002058	
4334.241590	0.001343	
4334.245590	0.001173	
4334.249590	-0.004096	
4334.251590	-0.003449	
4334.253590	-0.001009	
4334.255590	0.002115	
4334.257590	-0.000507	
4334.261589	0.002674	
4334.263590	-0.004502	
4334.265590	-0.003250	
4334.267590	-0.005052	
4334.269591	-0.004169	
4334.271590	0.001000	
4334.273589	0.000054	
4334.275590	0.000357	
4334.277590	0.001508	
4334.279589	-0.001904	
4334.281590	-0.003459	
4334.283590	-0.004519	
4334.287590	-0.006253	
4334.289590	-0.000393	
4334.291590	-0.000627	
4334.293590	0.001897	
4334.295590	-0.001469	
4334.297589	-0.003176	
4334.301589	-0.001280	
4334.303590	-0.003422	
4334.305590	-0.001502	
4334.309590	-0.002651	
4334.311589	0.000095	
4334.313590	-0.002742	
4334.315589	-0.001472	
4334.317589	-0.003424	
4334.319590	-0.002815	
4334.323589	-0.001313	
4334.327590	-0.000741	
4334.329589	-0.001807	
4334.331589	-0.002563	
4334.333590	-0.002236	
4334.335590	-0.004041	
4334.339589	-0.000059	
4334.341589	-0.002306	
4334.343590	0.000018	
4334.347590	-0.003406	
4334.349589	-0.001509	
4334.351590	-0.003889	
4334.353590	-0.001458	
4334.355590	0.001682	
4334.357590	0.000535	
4334.361590	0.001384	
4334.365590	-0.003819	
4334.367591	-0.003582	
4334.369590	-0.001508	
4334.371590	0.001880	
4334.373590	0.001086	
4334.377589	0.001934	
4334.379590	-0.003259	
4334.381590	-0.002148	
4334.383590	-0.002307	
4334.385590	-0.002685	
4334.387590	0.002668	
4334.389590	0.004629	
4334.391590	0.002643	
4334.393589	0.005342	
4334.395590	0.003156	
4334.397589	-0.000145	
4334.401590	0.000501	
4334.403590	0.002843	
4334.405590	0.006959	
4334.407590	0.006631	
4334.409590	0.009655	
4334.411589	0.007707	
4334.413589	0.005931	
4334.415589	0.008392	
4334.417590	0.003797	
4334.419590	0.006275	
4334.421590	0.009841	
4334.425590	0.009933	
4334.427589	0.014784	
4334.429589	0.011989	
4334.431588	0.013111	
4334.433591	0.013335	
4334.437589	0.013670	
4334.439590	0.018245	
4334.441590	0.017505	
4334.445590	0.021586	
4334.447591	0.020575	
4334.449590	0.023367	
4334.451590	0.022648	
4334.453590	0.026014	
4334.455590	0.030058	
4334.459590	0.029035	
4334.463590	0.031703	
4334.465589	0.035900	
4334.467590	0.035545	
4334.469590	0.038613	
4334.471590	0.043809	
4334.475589	0.045846	
4334.477589	0.049912	
4334.479590	0.048741	
4334.483590	0.050179	
4334.485590	0.056730	
4334.487590	0.064161	
4334.489589	0.067827	
4334.491589	0.070080	
4334.493589	0.076576	
4334.497589	0.075024	
4334.501590	0.082220	
4334.503591	0.092661	
4334.505589	0.100560	
4334.507590	0.103721	
4334.509590	0.111663	
4334.513588	0.115402	
4334.515590	0.122527	
4334.517590	0.126662	
4334.519590	0.134673	
4334.521590	0.145311	
4334.523590	0.152722	
4334.525590	0.160335	
4334.527590	0.168143	
4334.529589	0.172607	
4334.533589	0.180175	
4334.535590	0.193224	
4334.537589	0.206243	
4334.539591	0.216590	
4334.541591	0.225303	
4334.543590	0.238626	
4334.545590	0.245502	
4334.547589	0.253621	
4334.549589	0.266715	
4334.553590	0.276097	
4334.555590	0.302278	
4334.559591	0.313859	
4334.561589	0.341106	
4334.563590	0.352130	
4334.565590	0.365991	
4334.567590	0.378920	
4334.571589	0.391734	
4334.573590	0.418694	
4334.575589	0.432801	
4334.579590	0.450051	
4334.581590	0.479471	
4334.583589	0.496417	
4334.585590	0.511436	
4334.587590	0.531433	
4334.589589	0.550939	
4334.593590	0.563781	
4334.597590	0.597536	
4334.599589	0.632756	
4334.601589	0.649487	
4334.603590	0.668966	
4334.605590	0.688670	
4334.609589	0.704523	
4334.611590	0.736720	
4334.613589	0.751671	
4334.615590	0.767142	
4334.617590	0.782760	
4334.619590	0.798786	
4334.621590	0.817803	
4334.623590	0.831369	
4334.625590	0.846223	
4334.627590	0.859312	
4334.629589	0.865798	
4334.631589	0.876427	
4334.635589	0.886037	
4334.637590	0.905290	
4334.639589	0.915430	
4334.641590	0.920251	
4334.643589	0.926839	
4334.645590	0.926777	
4334.649589	0.926824	
4334.651589	0.924621	
4334.653590	0.925509	
4334.657590	0.925073	
4334.659590	0.916304	
4334.661589	0.907316	
4334.663589	0.893958	
4334.665590	0.884579	
4334.667590	0.871593	
4334.671588	0.858581	
4334.675589	0.830481	
4334.677590	0.799064	
4334.679595	0.776647	
4334.681590	0.756464	
4334.683589	0.735530	
4334.687589	0.712348	
4334.689589	0.669719	
4334.691590	0.644360	
4334.693590	0.621722	
4334.695591	0.592278	
4334.697590	0.564824	
4334.699590	0.539497	
4334.701589	0.509965	
4334.703590	0.483880	
4334.705590	0.457633	
4334.707590	0.425359	
4334.709589	0.400800	
4334.713590	0.370414	
4334.715590	0.308043	
4334.717590	0.274545	
4334.719591	0.245351	
4334.721590	0.216861	
4334.723590	0.184191	
4334.727589	0.154096	
4334.729589	0.083547	
4334.731590	0.050547	
4334.735590	0.018481	
4334.737590	-0.042640	
4334.739590	-0.072410	
4334.741590	-0.103546	
4334.743590	-0.134406	
4334.747589	-0.169680	
4334.749590	-0.232366	
4334.753590	-0.265219	
4334.755589	-0.317364	
4334.757590	-0.347985	
4334.759589	-0.374323	
4334.761590	-0.406151	
4334.765588	-0.431820	
4334.767590	-0.487947	
4334.769589	-0.511616	
4334.771591	-0.534309	
4334.773592	-0.559606	
4334.775590	-0.581320	
4334.777589	-0.605290	
4334.779589	-0.631762	
4334.781590	-0.652842	
4334.783590	-0.674211	
4334.785589	-0.698002	
4334.787590	-0.715106	
4334.791590	-0.732078	
4334.793590	-0.766101	
4334.795590	-0.785913	
4334.797590	-0.802679	
4334.799589	-0.816046	
4334.801588	-0.831659	
4334.805588	-0.841244	
4334.807589	-0.866248	
4334.809590	-0.873290	
4334.813590	-0.885263	
4334.815590	-0.900363	
4334.817593	-0.909557	
4334.819590	-0.912784	
4334.821590	-0.913096	
4334.825589	-0.916132	
4334.827590	-0.919917	
4334.829590	-0.923891	
4334.831590	-0.921996	
4334.833590	-0.919033	
4334.835590	-0.914911	
4334.837589	-0.905936	
4334.839590	-0.899647	
4334.841589	-0.893004	
4334.843589	-0.882975	
4334.845590	-0.879749	
4334.849589	-0.870749	
4334.851590	-0.849455	
4334.853590	-0.830719	
4334.855589	-0.815116	
4334.857590	-0.801851	
4334.859590	-0.783569	
4334.861591	-0.771881	
4334.863590	-0.756941	
4334.865589	-0.741226	
4334.867589	-0.727307	
4334.871589	-0.705494	
4334.873590	-0.666642	
4334.875589	-0.644425	
4334.877591	-0.626580	
4334.879589	-0.610924	
4334.881590	-0.591828	
4334.885589	-0.573913	
4334.887590	-0.533473	
4334.889590	-0.515668	
4334.893590	-0.496681	
4334.895589	-0.460961	
4334.897589	-0.445418	
4334.899590	-0.430331	
4334.901590	-0.418023	
4334.905589	-0.399043	
4334.907591	-0.368356	
4334.911590	-0.351664	
4334.913590	-0.326129	
4334.915590	-0.311801	
4334.917590	-0.301121	
4334.919590	-0.286097	
4334.923588	-0.270714	
4334.925589	-0.247930	
4334.927590	-0.239218	
4334.931590	-0.232174	
4334.933590	-0.211292	
4334.935590	-0.201872	
4334.937590	-0.190202	
4334.939590	-0.181361	
4334.941589	-0.172697	
4334.945589	-0.165606	
4334.949590	-0.155926	
4334.951590	-0.142414	
4334.953590	-0.132618	
4334.955589	-0.124761	
4334.957589	-0.120837	
4334.961588	-0.110862	
4334.963590	-0.109236	
4334.965590	-0.103008	
4334.969591	-0.101953	
4334.971590	-0.086228	
4334.973590	-0.082742	
4334.975590	-0.076840	
4334.977590	-0.074008	
4334.979590	-0.072613	
4334.983589	-0.069811	
4334.987590	-0.066282	
4334.989589	-0.054658	
4334.991589	-0.050901	
4334.993590	-0.046436	
4334.995589	-0.048604	
4334.999589	-0.046175	
4335.001589	-0.043835	
4335.003589	-0.038413	
4335.005589	-0.035276	
4335.007590	-0.033019	
4335.009589	-0.027692	
4335.011590	-0.029355	
4335.013590	-0.029783	
4335.015589	-0.025871	
4335.017589	-0.028168	
4335.019590	-0.025213	
4335.021590	-0.020783	
4335.025590	-0.020319	
4335.027591	-0.014844	
4335.029590	-0.017461	
4335.031590	-0.014486	
4335.033590	-0.015278	
4335.035590	-0.014308	
4335.039589	-0.009736	
4335.041589	-0.010019	
4335.043590	-0.007215	
4335.047590	-0.009705	
4335.049589	-0.006855	
4335.051590	-0.007447	
4335.053590	-0.003568	
4335.055590	-0.001437	
4335.059588	-0.002525	
4335.061590	-0.003322	
4335.065590	-0.005640	
4335.067590	-0.005540	
4335.069590	-0.000749	
4335.071589	0.002183	
4335.073590	0.000880	
4335.077589	0.003936	
4335.079590	-0.003124	
4335.081589	-0.000626	
4335.085590	-0.002181	
4335.087588	0.003727	
4335.089589	0.003083	
4335.091590	0.004148	
4335.093590	0.006000	
4335.097589	0.002515	
4335.099590	0.000239	
4335.103590	-0.002167	
4335.105590	0.005563	
4335.107590	0.004752	
4335.109590	0.007333	
4335.111589	0.004195	
4335.115589	0.002520	
4335.117589	-0.002072	
4335.119589	0.000623	
4335.121589	0.004199	
4335.123590	0.003948	
4335.125590	0.007506	
4335.127592	0.006180	
4335.129590	0.002364	
4335.131590	0.004111	
4335.133589	0.002539	
4335.135590	0.000707	
4335.139589	0.004065	
4335.141590	0.004333	
4335.143590	0.006474	
4335.145590	0.003966	
4335.147590	0.003065	
4335.149590	0.002955	
4335.151589	0.001508	
4335.153589	0.005354	
4335.155589	0.004690	
4335.157590	0.003189	
4335.159588	0.006239	
4335.163590	0.001203	
4335.165589	0.003892	
4335.167589	0.000345	
4335.169589	0.003187	
4335.171590	0.005700	
4335.175589	0.005604	
4335.177590	0.003211	
4335.179589	0.000832	
4335.183590	0.000753	
4335.185590	0.001202	
4335.187590	0.004061	
4335.189589	0.004398	
4335.191590	0.005581	
4335.195589	0.005973	
4335.197589	-0.000814	
4335.201591	-0.000790	
4335.203590	0.003464	
4335.205590	0.004954	
4335.207590	0.003312	
4335.209589	0.004990	
4335.213589	0.003021	
4335.215590	-0.001037	
4335.217589	-0.003330	
4335.219595	-0.000971	
4335.221590	0.003125	
4335.223590	0.002610	
4335.225589	0.005505	
4335.227590	0.003474	
4335.229590	0.000039	
4335.231590	0.002157	
4335.233590	-0.002430	
4335.235589	-0.003442	
4335.239590	0.001435	
4335.241590	0.001389	
4335.243590	0.003736	
4335.245590	0.000751	
4335.247590	-0.000405	
4335.249591	0.000294	
4335.253589	-0.002766	
4335.255590	0.001600	
4335.257590	-0.000403	
4335.261590	0.001758	
4335.263590	-0.001120	
4335.265589	-0.000200	
4335.267589	-0.003630	
4335.269588	-0.000755	
4335.273589	0.001889	
4335.277588	0.000580	
4335.279590	-0.003003	
4335.281589	-0.000912	
4335.283590	-0.003024	
4335.285590	-0.002760	
4335.287590	0.000352	
4335.291589	0.000721	
4335.293591	-0.000766	
4335.295589	-0.003933	
4335.299590	-0.005709	
4335.301590	-0.004480	
4335.303590	-0.000245	
4335.305590	0.000438	
4335.307590	-0.000842	
4335.311589	0.001527	
4335.313590	-0.005315	
4335.317590	-0.005075	
4335.319590	-0.003023	
4335.321590	-0.000375	
4335.323590	-0.001711	
4335.325589	0.001038	
4335.329588	-0.001558	
4335.331589	-0.004826	
4335.333590	-0.007068	
4335.337590	-0.006900	
4335.339590	-0.001214	
4335.341589	-0.001095	
4335.343590	-0.000507	
4335.345590	-0.003227	
4335.347590	-0.004507	
4335.351590	-0.005285	
4335.355590	-0.003314	
4335.357589	-0.002107	
4335.359589	0.000932	
4335.361590	-0.002888	
4335.363590	-0.004536	
4335.367588	-0.003097	
4335.369590	-0.005410	
4335.371590	-0.002790	
4335.373590	-0.003585	
4335.375590	-0.000887	
4335.377590	-0.001127	
4335.379590	-0.003966	
4335.381589	-0.002841	
4335.383590	-0.004890	
4335.385591	-0.003993	
4335.387590	-0.002746	
4335.391589	-0.003781	
4335.393590	-0.001821	
4335.395590	-0.003197	
4335.397590	-0.003387	
4335.399590	-0.003174	
4335.401591	-0.004283	
4335.403591	-0.001271	
4335.405590	0.001199	
4335.407589	-0.002481	
4335.409590	-0.000259	
4335.411591	-0.004163	
4335.415590	-0.006061	
4335.417590	-0.004369	
4335.419590	-0.000756	
4335.421589	0.001636	
4335.423589	0.000800	
4335.427588	0.004124	
4335.429589	-0.002544	
4335.431589	-0.001254	
4335.435590	-0.003646	
4335.437590	0.003716	
4335.439590	0.004020	
4335.441590	0.004431	
4335.443590	0.005763	
4335.447589	0.003695	
4335.449590	0.002847	
4335.453590	0.000829	
4335.455590	0.009551	
4335.457590	0.009601	
4335.459590	0.012420	
4335.461590	0.009692	
4335.465589	0.009759	
4335.467590	0.007031	
4335.469589	0.011811	
4335.473591	0.014572	
4335.475590	0.020092	
4335.477590	0.019914	
4335.479589	0.018175	
4335.481590	0.020275	
4335.483590	0.019467	
4335.487589	0.020080	
4335.491590	0.025744	
4335.493590	0.032200	
4335.495589	0.031510	
4335.497589	0.031521	
4335.499589	0.034499	
4335.503589	0.034499	
4335.505589	0.040529	
4335.507591	0.044254	
4335.509590	0.047049	
4335.511593	0.048059	
4335.513590	0.049600	
4335.515590	0.053748	
4335.517589	0.053272	
4335.519589	0.058693	
4335.521589	0.066126	
4335.523589	0.066028	
4335.525589	0.071289	
4335.529590	0.073269	
4335.531590	0.080331	
4335.533589	0.083208	
4335.535589	0.088567	
4335.537589	0.096701	
4335.539590	0.100095	
4335.543588	0.107698	
4335.545590	0.113095	
4335.547589	0.118615	
4335.551590	0.124038	
4335.553590	0.140929	
4335.555590	0.149605	
4335.557589	0.156434	
4335.559589	0.165959	
4335.563589	0.169714	
4335.565590	0.184365	
4335.569591	0.189766	
4335.571590	0.216583	
4335.573590	0.225423	
4335.575589	0.239034	
4335.577589	0.246709	
4335.581589	0.255714	
4335.583590	0.275890	
4335.585590	0.288451	
4335.589590	0.304776	
4335.591590	0.333786	
4335.593590	0.348621	
4335.595589	0.359679	
4335.597589	0.373375	
4335.599592	0.387046	
4335.603590	0.397625	
4335.607590	0.429659	
4335.609590	0.466079	
4335.611590	0.477956	
4335.613590	0.493734	
4335.615589	0.511814	
4335.619588	0.525950	
4335.621590	0.565564	
4335.623589	0.581496	
4335.625590	0.602968	
4335.627592	0.618463	
4335.629590	0.634103	
4335.631590	0.653250	
4335.633589	0.668639	
4335.635589	0.687962	
4335.639589	0.708711	
4335.641590	0.743318	
4335.643590	0.760934	
4335.645590	0.773571	
4335.647590	0.790351	
4335.649589	0.806964	
4335.651590	0.821809	
4335.653590	0.841279	
4335.655589	0.857498	
4335.659589	0.871614	
4335.661590	0.893305	
4335.665590	0.903632	
4335.667590	0.925400	
4335.669590	0.937918	
4335.671590	0.949267	
4335.673590	0.955466	
4335.677589	0.965846	
4335.679589	0.966712	
4335.681589	0.970075	
4335.685590	0.968779	
4335.687589	0.974589	
4335.689589	0.970574	
4335.691590	0.967436	
4335.693590	0.961658	
4335.695591	0.950416	
4335.699589	0.940561	
4335.703590	0.914668	
4335.705590	0.894371	
4335.707591	0.878467	
4335.709590	0.863863	
4335.711590	0.839982	
4335.715588	0.819265	
4335.717589	0.772460	
4335.719590	0.750441	
4335.721589	0.730562	
4335.723591	0.703821	
4335.725590	0.682889	
4335.727590	0.654564	
4335.729590	0.623131	
4335.731590	0.597042	
4335.733590	0.566267	
4335.735589	0.536954	
4335.737590	0.509472	
4335.739590	0.479522	
4335.743590	0.451256	
4335.745590	0.391377	
4335.747590	0.362435	
4335.749591	0.331855	
4335.751590	0.297830	
4335.755589	0.270626	
4335.757589	0.206407	
4335.759590	0.177992	
4335.761590	0.142471	
4335.763591	0.110659	
4335.765589	0.081855	
4335.767590	0.046523	
4335.769590	0.018926	
4335.771590	-0.009248	
4335.773590	-0.042609	
4335.775590	-0.070287	
4335.777591	-0.104369	
4335.781589	-0.137900	
4335.783590	-0.199772	
4335.785590	-0.226578	
4335.787590	-0.251820	
4335.789590	-0.283047	
4335.791589	-0.310835	
4335.795589	-0.339132	
4335.797590	-0.402754	
4335.799590	-0.427707	
4335.803590	-0.455107	
4335.805590	-0.502161	
4335.807590	-0.529550	
4335.809589	-0.553550	
4335.811590	-0.584648	
4335.815589	-0.610562	
4335.819589	-0.664726	
4335.821590	-0.704971	
4335.823589	-0.728059	
4335.825589	-0.747102	
4335.827589	-0.769948	
4335.829589	-0.793371	
4335.833588	-0.811000	
4335.835590	-0.850596	
4335.837590	-0.863426	
4335.841590	-0.878886	
4335.843590	-0.901636	
4335.845590	-0.918325	
4335.847590	-0.929013	
4335.849590	-0.938560	
4335.853589	-0.947996	
4335.855590	-0.956022	
4335.857590	-0.962470	
4335.859590	-0.962158	
4335.861591	-0.966651	
4335.863589	-0.967872	
4335.865590	-0.965380	
4335.867589	-0.966706	
4335.869590	-0.958061	
4335.871592	-0.950656	
4335.873590	-0.947868	
4335.875590	-0.936647	
4335.879590	-0.931363	
4335.881590	-0.911116	
4335.883589	-0.901483	
4335.885590	-0.887904	
4335.887591	-0.870561	
4335.889590	-0.857453	
4335.891590	-0.841247	
4335.893590	-0.825258	
4335.895590	-0.814180	
4335.897590	-0.798127	
4335.901589	-0.779816	
4335.903590	-0.741058	
4335.905589	-0.720935	
4335.907590	-0.702865	
4335.909589	-0.681177	
4335.911589	-0.666317	
4335.913589	-0.648502	
4335.915591	-0.629472	
4335.917590	-0.614377	
4335.919589	-0.592247	
4335.921590	-0.570602	
4335.925590	-0.553360	
4335.927590	-0.513312	
4335.929589	-0.498663	
4335.931591	-0.479500	
4335.933591	-0.463899	
4335.937589	-0.445329	
4335.939590	-0.416338	
4335.941590	-0.400978	
4335.945590	-0.386047	
4335.947591	-0.357582	
4335.949590	-0.342489	
4335.951590	-0.330588	
4335.953590	-0.312746	
4335.955590	-0.298172	
4335.959590	-0.288038	
4335.963590	-0.267060	
4335.965589	-0.242751	
4335.967590	-0.234827	
4335.969590	-0.221517	
4335.971590	-0.209961	
4335.975589	-0.201537	
4335.977589	-0.186167	
4335.979590	-0.181469	
4335.981590	-0.172003	
4335.983590	-0.165293	
4335.985590	-0.156517	
4335.987589	-0.146342	
4335.989590	-0.140783	
4335.991591	-0.133274	
4335.993589	-0.126555	
4335.995590	-0.126064	
4335.997589	-0.120959	
4336.001588	-0.115337	
4336.003591	-0.103430	
4336.005590	-0.095332	
4336.007590	-0.092403	
4336.009590	-0.085627	
4336.011590	-0.086045	
4336.015589	-0.082575	
4336.017590	-0.078515	
4336.019590	-0.071341	
4336.023590	-0.066676	
4336.025590	-0.056970	
4336.027590	-0.057020	
4336.029589	-0.056401	
4336.031591	-0.053505	
4336.033590	-0.052702	
4336.037590	-0.049711	
4336.041590	-0.043591	
4336.043590	-0.036504	
4336.045591	-0.038115	
4336.047590	-0.036819	
4336.049588	-0.034620	
4336.053589	-0.033636	
4336.055590	-0.027255	
4336.057589	-0.027600	
4336.059589	-0.022709	
4336.061590	-0.025020	
4336.063590	-0.023687	
4336.065590	-0.020850	
4336.067590	-0.022349	
4336.069590	-0.017473	
4336.071590	-0.013578	
4336.073589	-0.015961	
4336.075589	-0.011667	
4336.079590	-0.014868	
4336.081590	-0.012276	
4336.083589	-0.013984	
4336.085590	-0.011097	
4336.087589	-0.007529	
4336.089590	-0.007485	
4336.091589	-0.005709	
4336.093591	-0.005092	
4336.095589	-0.009944	
4336.097590	-0.009575	
4336.101589	-0.009585	
4336.103590	-0.005333	
4336.105590	-0.001563	
4336.107590	-0.001815	
4336.109590	0.000152	
4336.111590	-0.003743	
4336.115588	-0.004883	
4336.117590	-0.007291	
4336.119589	-0.003923	
4336.123590	-0.001160	
4336.125590	0.003632	
4336.127590	0.000388	
4336.129590	-0.001816	
4336.131590	-0.001096	
4336.135589	-0.002467	
4336.137591	0.000314	
4336.141590	-0.000098	
4336.143589	0.002993	
4336.145589	-0.000577	
4336.147590	-0.000455	
4336.149591	-0.001110	
4336.153589	-0.001715	
4336.155590	0.001287	
4336.157590	-0.000114	
4336.161590	0.002835	
4336.163589	-0.000326	
4336.165590	0.000671	
4336.167589	-0.001168	
4336.169589	0.002108	
4336.171590	0.004254	
4336.175590	0.001436	
4336.179591	0.001453	
4336.181590	0.001350	
4336.183590	-0.000815	
4336.185590	0.000543	
4336.187589	0.004093	
4336.191589	0.003779	
4336.193589	0.001487	
4336.195590	-0.000829	
4336.199590	-0.001826	
4336.201591	-0.000057	
4336.203589	0.003726	
4336.205590	0.004489	
4336.207589	0.003081	
4336.209589	0.006590	
4336.213589	0.000320	
4336.217590	-0.001576	
4336.219590	0.002466	
4336.221590	0.004376	
4336.223590	0.002694	
4336.225590	0.005586	
4336.229589	0.003121	
4336.231589	-0.000874	
4336.233590	-0.003493	
4336.235589	-0.002527	
4336.237590	0.002619	
4336.239590	0.002153	
4336.241590	0.004417	
4336.243589	0.003448	
4336.245589	-0.000057	
4336.247590	0.000456	
4336.249589	-0.000816	
4336.251589	-0.004305	
4336.255590	-0.000184	
4336.257590	0.000735	
4336.259590	0.004175	
4336.261590	0.000975	
4336.263590	-0.001175	
4336.265590	-0.000328	
4336.269590	-0.003216	
4336.271590	0.000710	
4336.273589	-0.001449	
4336.277590	0.002570	
4336.279590	-0.001272	
4336.281589	0.000226	
4336.283590	-0.003304	
4336.285589	-0.001265	
4336.289589	0.002236	
4336.291590	0.000580	
4336.295590	-0.000684	
4336.297590	-0.001775	
4336.299590	-0.002418	
4336.301590	-0.001771	
4336.303590	0.000538	
4336.307589	0.000943	
4336.309590	0.000709	
4336.311588	-0.004187	
4336.315590	-0.004267	
4336.317590	-0.004470	
4336.319590	0.000323	
4336.321589	0.001828	
4336.323590	0.000177	
4336.325589	0.003180	
4336.329590	-0.002211	
4336.333590	-0.004385	
4336.335592	-0.002042	
4336.337589	0.001276	
4336.339589	-0.000186	
4336.341589	0.000909	
4336.345589	0.002213	
4336.347591	-0.004840	
4336.349589	-0.005670	
4336.351590	-0.005576	
4336.353590	-0.001201	
4336.355590	0.000140	
4336.357589	-0.000181	
4336.359590	0.001064	
4336.361589	-0.002973	
4336.363590	-0.003127	
4336.365591	-0.005387	
4336.367589	-0.008779	
4336.371589	-0.003232	
4336.373590	-0.003004	
4336.375589	0.000777	
4336.377590	-0.001455	
4336.379589	-0.004059	
4336.381589	-0.002592	
4336.385589	-0.005282	
4336.387590	-0.001972	
4336.389590	-0.003962	
4336.393590	-0.001444	
4336.395590	-0.002884	
4336.397589	-0.003185	
4336.399589	-0.004063	
4336.401590	-0.003952	
4336.405589	-0.000925	
4336.407590	-0.002927	
4336.411590	-0.001343	
4336.413589	-0.003653	
4336.415590	-0.002065	
4336.417590	-0.004492	
4336.419589	-0.001244	
4336.423589	0.002215	
4336.425590	0.000291	
4336.427590	-0.003104	
4336.431590	-0.004052	
4336.433589	-0.002863	
4336.435589	-0.001073	
4336.437589	0.002690	
4336.439590	0.002257	
4336.441590	0.003386	
4336.445590	0.002184	
4336.449590	-0.000995	
4336.451589	0.000388	
4336.453589	0.003884	
4336.455590	0.005749	
4336.457590	0.004991	
4336.461588	0.007365	
4336.463590	0.000983	
4336.465590	0.001777	
4336.467590	-0.000233	
4336.469590	0.005489	
4336.471590	0.008945	
4336.473590	0.007478	
4336.475589	0.010810	
4336.477590	0.008591	
4336.479590	0.007097	
4336.481590	0.006960	
4336.483591	0.004345	
4336.487589	0.007678	
4336.489590	0.010933	
4336.491589	0.014491	
4336.493590	0.015524	
4336.495589	0.013335	
4336.497589	0.014123	
4336.501589	0.014762	
4336.503590	0.018336	
4336.505590	0.019654	
4336.509590	0.019494	
4336.511589	0.022613	
4336.513589	0.022086	
4336.515589	0.024622	
4336.517589	0.023885	
4336.521588	0.029148	
4336.523590	0.031197	
4336.527590	0.035423	
4336.529590	0.036101	
4336.531590	0.040910	
4336.533590	0.040350	
4336.535590	0.043838	
4336.539589	0.050243	
4336.541589	0.054965	
4336.543589	0.056505	
4336.547590	0.056448	
4336.549590	0.064129	
4336.551589	0.067919	
4336.553590	0.075004	
4336.555590	0.079585	
4336.557590	0.083514	
4336.561590	0.087137	
4336.565590	0.090346	
4336.567589	0.100811	
4336.569591	0.109835	
4336.571590	0.117236	
4336.573590	0.120669	
4336.577589	0.129773	
4336.579590	0.133724	
4336.581589	0.142031	
4336.585590	0.146328	
4336.587591	0.168162	
4336.589590	0.174746	
4336.591589	0.183601	
4336.593589	0.190671	
4336.595590	0.196199	
4336.599589	0.203869	
4336.603590	0.220876	
4336.605590	0.246118	
4336.607589	0.256622	
4336.609590	0.268879	
4336.611590	0.275690	
4336.615589	0.286320	
4336.617590	0.306704	
4336.619590	0.323803	
4336.621590	0.338659	
4336.623590	0.350812	
4336.625590	0.367576	
4336.627591	0.378788	
4336.629589	0.388635	
4336.631590	0.401679	
4336.635589	0.412293	
4336.637590	0.445432	
4336.639589	0.461406	
4336.641590	0.477229	
4336.643590	0.494746	
4336.645590	0.509413	
4336.647590	0.526332	
4336.649590	0.542194	
4336.651590	0.558854	
4336.655590	0.580108	
4336.657590	0.612075	
4336.661590	0.631277	
4336.663589	0.660547	
4336.665589	0.679519	
4336.667590	0.692432	
4336.669589	0.714174	
4336.673589	0.732703	
4336.675591	0.762628	
4336.677590	0.774446	
4336.681592	0.786639	
4336.683590	0.815079	
4336.685591	0.830417	
4336.687589	0.846015	
4336.689590	0.856284	
4336.691590	0.868998	
4336.693591	0.875417	
4336.697590	0.880850	
4336.699591	0.893539	
4336.701590	0.901857	
4336.703590	0.909008	
4336.705589	0.914074	
4336.707589	0.913975	
4336.709590	0.917099	
4336.711589	0.913183	
4336.713590	0.906800	
4336.715589	0.903849	
4336.719590	0.897695	
4336.721590	0.891786	
4336.723590	0.881771	
4336.725590	0.875572	
4336.727589	0.861859	
4336.729590	0.846095	
4336.733589	0.834063	
4336.735589	0.799976	
4336.737591	0.785656	
4336.741590	0.765348	
4336.743590	0.727394	
4336.745590	0.701607	
4336.747590	0.677559	
4336.749592	0.652520	
4336.753589	0.628789	
4336.755590	0.577739	
4336.759590	0.550461	
4336.761590	0.491667	
4336.763590	0.460776	
4336.765591	0.432278	
4336.767590	0.401681	
4336.771588	0.379681	
4336.773590	0.318317	
4336.775590	0.289280	
4336.779590	0.254420	
4336.781593	0.193348	
4336.783590	0.159843	
4336.785591	0.130754	
4336.787590	0.104754	
4336.789591	0.071918	
4336.793590	0.041488	
4336.797590	-0.027399	
4336.799590	-0.087016	
4336.801590	-0.117395	
4336.803591	-0.143021	
4336.805590	-0.171132	
4336.809589	-0.200945	
4336.811589	-0.263027	
4336.813589	-0.293002	
4336.815590	-0.319986	
4336.817591	-0.349346	
4336.819590	-0.370555	
4336.821589	-0.395105	
4336.823588	-0.422055	
4336.825590	-0.441108	
4336.827589	-0.468858	
4336.829591	-0.498017	
4336.831590	-0.522723	
4336.835589	-0.549139	
4336.837590	-0.589455	
4336.839590	-0.612855	
4336.841589	-0.631525	
4336.843589	-0.655448	
4336.845589	-0.681317	
4336.849589	-0.701607	
4336.851590	-0.743994	
4336.853590	-0.759397	
4336.857590	-0.777768	
4336.859590	-0.807325	
4336.861592	-0.827119	
4336.863590	-0.842625	
4336.865589	-0.856110	
4336.869589	-0.869586	
4336.871590	-0.886341	
4336.875590	-0.896004	
4336.877590	-0.909200	
4336.879589	-0.916196	
4336.881590	-0.918483	
4336.883590	-0.923455	
4336.885589	-0.921164	
4336.887589	-0.917911	
4336.889590	-0.919332	
4336.893589	-0.912204	
4336.895590	-0.907220	
4336.897590	-0.897896	
4336.899590	-0.891372	
4336.901590	-0.880489	
4336.903589	-0.868091	
4336.905589	-0.855954	
4336.907589	-0.842355	
4336.909591	-0.830672	
4336.913590	-0.820880	
4336.915589	-0.791395	
4336.917590	-0.776796	
4336.919589	-0.754067	
4336.923589	-0.720269	
4336.925590	-0.698858	
4336.927590	-0.685055	
4336.929590	-0.670715	
4336.933590	-0.652309	
4336.935589	-0.615094	
4336.937590	-0.593018	
4336.939590	-0.575722	
4336.941589	-0.555072	
4336.943590	-0.539362	
4336.945590	-0.524468	
4336.947590	-0.506026	
4336.949590	-0.494195	
4336.951590	-0.475657	
4336.953590	-0.457235	
4336.957590	-0.442242	
4336.959590	-0.412420	
4336.961590	-0.401364	
4336.963590	-0.387386	
4336.965589	-0.373746	
4336.969590	-0.360513	
4336.971589	-0.329029	
4336.973589	-0.318701	
4336.977590	-0.302619	
4336.979589	-0.283688	
4336.981589	-0.270306	
4336.983589	-0.263458	
4336.985590	-0.248255	
4336.987590	-0.235834	
4336.991589	-0.228917	
4336.995590	-0.209571	
4336.997591	-0.193172	
4336.999588	-0.185743	
4337.001589	-0.176629	
4337.003590	-0.167239	
4337.007589	-0.158924	
4337.009590	-0.144411	
4337.011589	-0.142104	
4337.015590	-0.137089	
4337.017589	-0.124712	
4337.019589	-0.113232	
4337.021590	-0.106579	
4337.023590	-0.101770	
4337.025590	-0.094487	
4337.029589	-0.095035	
4337.033590	-0.087996	
4337.035590	-0.076883	
4337.037591	-0.070092	
4337.039590	-0.067564	
4337.041590	-0.061229	
4337.045588	-0.060246	
4337.047590	-0.058607	
4337.049590	-0.057172	
4337.051589	-0.052588	
4337.053593	-0.046736	
4337.055590	-0.043427	
4337.057590	-0.040417	
4337.059590	-0.037233	
4337.061589	-0.038157	
4337.063590	-0.036349	
4337.065591	-0.036659	
4337.067589	-0.036709	
4337.071589	-0.031255	
4337.073590	-0.025789	
4337.075589	-0.020820	
4337.077590	-0.023399	
4337.079590	-0.022410	
4337.081591	-0.021675	
4337.085589	-0.022761	
4337.087590	-0.017093	
4337.089590	-0.017158	
4337.093590	-0.011078	
4337.095590	-0.013741	
4337.097590	-0.011758	
4337.099590	-0.013054	
4337.101588	-0.011287	
4337.105589	-0.007267	
4337.107590	-0.006903	
4337.111590	-0.007077	
4337.113590	-0.006657	
4337.115590	-0.006744	
4337.117590	-0.007300	
4337.119590	-0.002592	
4337.123589	-0.001167	
4337.125590	-0.000588	
4337.127590	-0.004876	
4337.131590	-0.005290	
4337.133588	-0.004080	
4337.135589	-0.000056	
4337.137589	0.002168	
4337.139590	0.001172	
4337.141590	0.005297	
4337.145589	0.001280	
4337.149590	-0.001058	
4337.151590	0.000593	
4337.153590	0.003117	
4337.155589	0.004168	
4337.157590	0.004833	
4337.161589	0.005960	
4337.163588	-0.000394	
4337.165590	-0.000780	
4337.167590	-0.002338	
4337.169591	0.004234	
4337.171590	0.006213	
4337.173589	0.005367	
4337.175589	0.007413	
4337.177590	0.003654	
4337.179590	0.002644	
4337.181589	0.001925	
4337.183589	-0.001961	
4337.187589	0.001567	
4337.189590	0.003299	
4337.191590	0.007370	
4337.193589	0.005526	
4337.195590	0.002997	
4337.197590	0.003678	
4337.199589	0.002084	
4337.201590	0.003014	
4337.203590	0.002528	
4337.205591	0.004166	
4337.207590	0.003731	
4337.211590	0.005040	
4337.213589	0.002815	
4337.215588	0.002325	
4337.217590	-0.000154	
4337.219590	0.005330	
4337.223589	0.006648	
4337.225589	0.005302	
4337.227589	0.000837	
4337.231590	-0.000077	
4337.233591	-0.000913	
4337.235589	0.003521	
4337.237590	0.005749	
4337.239590	0.004609	
4337.241590	0.007462	
4337.245590	0.002957	
4337.249590	0.000896	
4337.251589	0.000558	
4337.253591	0.004451	
4337.255590	0.004665	
4337.257589	0.004186	
4337.261589	0.005517	
4337.263590	-0.001034	
4337.265589	-0.000803	
4337.267589	-0.003409	
4337.271590	0.004460	
4337.273590	0.003872	
4337.275590	0.005488	
4337.277590	0.001591	
4337.279590	0.001070	
4337.283589	-0.000186	
4337.287590	-0.000360	
4337.289590	0.002297	
4337.291590	0.005020	
4337.293589	0.003294	
4337.295589	-0.000609	
4337.299588	0.000586	
4337.301590	-0.001870	
4337.303590	-0.000126	
4337.305590	-0.001039	
4337.307592	0.002577	
4337.309590	0.003884	
4337.311590	0.000023	
4337.313589	-0.000222	
4337.315590	-0.000624	
4337.317590	-0.002581	
4337.319590	-0.000509	
4337.321590	0.000996	
4337.325590	0.000240	
4337.327590	-0.001659	
4337.329589	-0.002508	
4337.331590	-0.000741	
4337.333590	-0.004297	
4337.335590	0.000057	
4337.339588	0.001608	
4337.341588	0.001337	
4337.343589	-0.001203	
4337.347596	-0.005332	
4337.349590	-0.004282	
4337.351590	-0.001410	
4337.353589	0.000508	
4337.355589	0.000349	
4337.359588	0.002041	
4337.361590	-0.004173	
4337.365590	-0.004891	
4337.367590	-0.004279	
4337.369589	-0.000147	
4337.371592	0.000692	
4337.373591	-0.000087	
4337.377589	0.002636	
4337.379590	-0.005552	
4337.381590	-0.005005	
4337.385590	-0.006844	
4337.387589	0.000322	
4337.389590	-0.000826	
4337.391589	0.001003	
4337.393589	-0.000924	
4337.397589	-0.003628	
4337.399589	-0.007770	
4337.403590	-0.004295	
4337.405589	-0.001184	
4337.407589	0.000900	
4337.409590	-0.000179	
4337.411590	-0.003383	
4337.415589	-0.003661	
4337.417590	-0.008959	
4337.419589	-0.003795	
4337.423590	-0.002853	
4337.425590	0.001698	
4337.427590	-0.002933	
4337.429590	-0.004361	
4337.431590	-0.004140	
4337.433589	-0.006609	
4337.437590	-0.002840	
4337.441590	-0.003487	
4337.443591	-0.001361	
4337.445589	-0.003934	
4337.447589	-0.002031	
4337.449589	-0.005052	
4337.453589	-0.002784	
4337.455589	-0.002702	
4337.457590	-0.000094	
4337.461590	-0.001227	
4337.463589	-0.001756	
4337.465589	-0.001477	
4337.467590	-0.003384	
4337.469590	0.001336	
4337.471590	0.002687	
4337.475589	0.000733	
4337.479590	-0.002074	
4337.481591	0.001248	
4337.483592	-0.000754	
4337.485590	0.003132	
4337.487590	0.004713	
4337.491589	0.004199	
4337.493589	0.002680	
4337.495590	0.001858	
4337.497590	0.002274	
4337.499590	0.001453	
4337.501590	0.005406	
4337.503590	0.008244	
4337.505589	0.008231	
4337.507590	0.010994	
4337.509590	0.011396	
4337.511589	0.006960	
4337.513590	0.006379	
4337.517590	0.006496	
4337.519590	0.012120	
4337.521590	0.014834	
4337.523589	0.015745	
4337.525590	0.018740	
4337.527590	0.014883	
4337.531589	0.014553	
4337.533589	0.013415	
4337.535590	0.017803	
4337.539590	0.021157	
4337.541590	0.027380	
4337.543591	0.025741	
4337.545590	0.024172	
4337.547590	0.026766	
4337.551589	0.026189	
4337.553590	0.032135	
4337.557590	0.034213	
4337.559591	0.041375	
4337.561589	0.040393	
4337.563590	0.043276	
4337.565589	0.043794	
4337.569589	0.046281	
4337.571590	0.054799	
4337.573590	0.057754	
4337.577590	0.062749	
4337.579590	0.066219	
4337.581590	0.070717	
4337.583589	0.072633	
4337.585589	0.079681	
4337.589588	0.087506	
4337.591589	0.095828	
4337.595590	0.097998	
4337.597590	0.108399	
4337.599590	0.112611	
4337.601588	0.119459	
4337.603589	0.128948	
4337.607589	0.134776	
4337.609590	0.147837	
4337.611590	0.150982	
4337.615590	0.159607	
4337.617590	0.174487	
4337.619590	0.186996	
4337.621590	0.196743	
4337.623590	0.205093	
4337.625589	0.216232	
4337.629590	0.220436	
4337.633590	0.239109	
4337.635589	0.263428	
4337.637591	0.276470	
4337.639590	0.285972	
4337.641590	0.301414	
4337.645589	0.310612	
4337.647589	0.332196	
4337.649591	0.342406	
4337.651588	0.357228	
4337.653593	0.374575	
4337.655590	0.387999	
4337.657590	0.400974	
4337.659590	0.413371	
4337.661588	0.424924	
4337.663589	0.440930	
4337.665589	0.454073	
4337.667592	0.467762	
4337.669589	0.489147	
4337.673590	0.506422	
4337.675589	0.545368	
4337.677592	0.557261	
4337.679590	0.573714	
4337.681590	0.592139	
4337.685589	0.608049	
4337.687590	0.648395	
4337.689590	0.665258	
4337.693590	0.688199	
4337.695590	0.721297	
4337.697590	0.739349	
4337.699590	0.754981	
4337.701590	0.776177	
4337.703590	0.797018	
4337.707590	0.812065	
4337.711590	0.847042	
4337.713590	0.877425	
4337.715590	0.891744	
4337.717590	0.903985	
4337.719589	0.920611	
4337.723588	0.934389	
4337.725590	0.955305	
4337.727589	0.959540	
4337.729590	0.965058	
4337.731590	0.973113	
4337.733590	0.976194	
4337.735590	0.983867	
4337.737589	0.987351	
4337.739589	0.985700	
4337.741589	0.989175	
4337.743589	0.981687	
4337.745590	0.974835	
4337.747589	0.969642	
4337.751590	0.959777	
4337.753590	0.948795	
4337.755590	0.936432	
4337.757590	0.925897	
4337.759588	0.910773	
4337.763589	0.891709	
4337.765590	0.853776	
4337.767590	0.833030	
4337.771590	0.815181	
4337.773589	0.774410	
4337.775590	0.754359	
4337.777590	0.724748	
4337.779590	0.697614	
4337.781589	0.672711	
4337.785591	0.643009	
4337.789590	0.592945	
4337.791590	0.541431	
4337.793590	0.508738	
4337.795590	0.476615	
4337.797590	0.448488	
4337.801589	0.416099	
4337.803589	0.364545	
4337.805590	0.334953	
4337.807590	0.306398	
4337.809591	0.276743	
4337.811590	0.242694	
4337.813589	0.213016	
4337.815590	0.181694	
4337.817590	0.149768	
4337.819590	0.123784	
4337.821589	0.091313	
4337.823588	0.060193	
4337.827590	0.030999	
4337.829590	-0.037987	
4337.831590	-0.066904	
4337.833590	-0.099108	
4337.835589	-0.126766	
4337.837590	-0.155971	
4337.841589	-0.187504	
4337.843590	-0.248327	
4337.845590	-0.281680	
4337.849590	-0.307995	
4337.851590	-0.367001	
4337.853590	-0.392146	
4337.855590	-0.419863	
4337.857590	-0.441075	
4337.859589	-0.468827	
4337.863590	-0.501514	
4337.867590	-0.556924	
4337.869590	-0.604432	
4337.871590	-0.628679	
4337.873590	-0.653496	
4337.875590	-0.676140	
4337.879589	-0.704778	
4337.881590	-0.753178	
4337.883590	-0.777188	
4337.885591	-0.794475	
4337.887590	-0.812018	
4337.889590	-0.831472	
4337.891590	-0.846203	
4337.893590	-0.866991	
4337.895590	-0.885798	
4337.897590	-0.898502	
4337.899590	-0.917232	
4337.903590	-0.928316	
4337.905590	-0.948120	
4337.907591	-0.952041	
4337.909590	-0.960312	
4337.911590	-0.969512	
4337.913590	-0.974150	
4337.915591	-0.977121	
4337.917590	-0.980112	
4337.921590	-0.978917	
4337.925590	-0.975706	
4337.927590	-0.969030	
4337.929590	-0.963297	
4337.931590	-0.954926	
4337.933590	-0.948147	
4337.935589	-0.934987	
4337.937589	-0.923344	
4337.939590	-0.913947	
4337.941590	-0.897281	
4337.945589	-0.887614	
4337.947590	-0.856954	
4337.949589	-0.842862	
4337.951589	-0.822674	
4337.953590	-0.801799	
4337.955591	-0.785371	
4337.957590	-0.765592	
4337.959590	-0.747244	
4337.961590	-0.732718	
4337.963590	-0.713685	
4337.965590	-0.695378	
4337.969591	-0.676907	
4337.971591	-0.631021	
4337.973590	-0.611831	
4337.975588	-0.590253	
4337.977590	-0.576829	
4337.981588	-0.558546	
4337.983590	-0.523519	
4337.985590	-0.502766	
4337.989590	-0.482597	
4337.991590	-0.445127	
4337.993590	-0.433142	
4337.995590	-0.422910	
4337.997590	-0.407233	
4337.999590	-0.394495	
4338.003589	-0.378585	
4338.007590	-0.348825	
4338.009590	-0.319248	
4338.011593	-0.309571	
4338.013591	-0.296630	
4338.015589	-0.285759	
4338.019589	-0.275374	
4338.021592	-0.250448	
4338.023590	-0.239967	
4338.025589	-0.228474	
4338.027590	-0.222413	
4338.029590	-0.213024	
4338.031591	-0.203021	
4338.033590	-0.197025	
4338.035590	-0.184592	
4338.037590	-0.174838	
4338.039589	-0.170153	
4338.041589	-0.160590	
4338.045591	-0.156081	
4338.047590	-0.143207	
4338.049590	-0.138183	
4338.051589	-0.129264	
4338.053589	-0.120809	
4338.055590	-0.116139	
4338.059589	-0.107949	
4338.061589	-0.104313	
4338.063590	-0.099564	
4338.067590	-0.095000	
4338.069590	-0.081727	
4338.071591	-0.077069	
4338.073589	-0.073447	
4338.075590	-0.068180	
4338.079588	-0.068898	
4338.081590	-0.064814	
4338.085590	-0.063223	
4338.087590	-0.050601	
4338.089590	-0.048865	
4338.091590	-0.043510	
4338.093590	-0.043463	
4338.097589	-0.043566	
4338.099589	-0.042309	
4338.101590	-0.038513	
4338.105590	-0.033432	
4338.107591	-0.027320	
4338.109590	-0.025582	
4338.111589	-0.029408	
4338.113590	-0.025878	
4338.115590	-0.025895	
4338.119590	-0.026886	
4338.123590	-0.020880	
4338.125589	-0.014849	
4338.127591	-0.017771	
4338.129592	-0.018191	
4338.131589	-0.016301	
4338.135589	-0.017164	
4338.137590	-0.011115	
4338.139590	-0.013125	
4338.141590	-0.009635	
4338.143592	-0.010146	
4338.145590	-0.012761	
4338.147590	-0.009425	
4338.149590	-0.012106	
4338.151592	-0.008600	
4338.153589	-0.004156	
4338.155590	-0.008078	
4338.157590	-0.004787	
4338.161589	-0.006552	
4338.163590	-0.006897	
4338.165590	-0.006634	
4338.167590	-0.005940	
4338.169589	-0.002123	
4338.171590	-0.002169	
4338.175589	-0.001026	
4338.177589	-0.004781	
4338.179590	-0.005515	
4338.183590	-0.003608	
4338.185590	-0.000375	
4338.187588	0.001761	
4338.189589	0.000949	
4338.191590	0.003158	
4338.195589	0.001148	
4338.197589	-0.002566	
4338.201590	-0.003944	
4338.203590	0.002994	
4338.205590	0.002097	
4338.207590	0.004901	
4338.209590	0.003604	
4338.213588	0.000365	
4338.215590	-0.001917	
4338.217589	-0.001606	
4338.221590	0.001168	
4338.223590	0.003722	
4338.225589	0.005613	
4338.227590	0.002091	
4338.229589	0.000837	
4338.233589	0.001848	
4338.235590	0.001285	
4338.239590	0.003388	
4338.241590	0.006420	
4338.243590	0.003168	
4338.245591	-0.000141	
4338.247590	0.001895	
4338.251589	0.000020	
4338.253589	0.002002	
4338.255589	0.000087	
4338.259590	0.002456	
4338.261590	0.000717	
4338.263589	0.001558	
4338.265590	-0.000160	
4338.267590	-0.000515	
4338.269589	0.003928	
4338.273590	0.001620	
4338.277590	0.003116	
4338.279590	-0.000276	
4338.281594	0.000915	
4338.283591	-0.002256	
4338.285590	0.001394	
4338.289589	0.003929	
4338.291590	0.002445	
4338.293592	-0.001354	
4338.295589	-0.004204	
4338.297590	0.000344	
4338.299590	-0.002323	
4338.301589	0.000599	
4338.303590	0.002577	
4338.305590	0.001670	
4338.307590	0.003988	
4338.309589	0.001197	
4338.313590	-0.002880	
4338.315590	-0.003065	
4338.317590	-0.002617	
4338.319590	0.002637	
4338.321591	0.002520	
4338.323590	0.001834	
4338.325590	0.003719	
4338.327589	-0.000167	
4338.329590	-0.003433	
4338.331590	-0.002749	
4338.333589	-0.004541	
4338.337590	-0.001621	
4338.339591	0.001113	
4338.341589	0.003757	
4338.343589	0.000981	
4338.345590	-0.001405	
4338.349590	-0.000707	
4338.351592	-0.002490	
4338.353590	-0.000713	
4338.357590	-0.001202	
4338.359589	0.002175	
4338.361589	-0.001628	
4338.363589	-0.000887	
4338.365589	-0.002304	
4338.369589	-0.001606	
4338.371590	-0.000772	
4338.375590	-0.001111	
4338.377589	-0.002247	
4338.379590	-0.002157	
4338.381589	-0.001684	
4338.383590	-0.004381	
4338.387589	-0.001074	
4338.389589	-0.003377	
4338.391590	0.000969	
4338.395590	-0.004055	
4338.397589	-0.003014	
4338.399591	-0.005170	
4338.401590	-0.002643	
4338.403590	0.000107	
4338.407588	-0.000454	
4338.409589	-0.003031	
4338.413590	-0.005538	
4338.415590	-0.005020	
4338.417590	-0.004851	
4338.419591	-0.001373	
4338.421589	-0.001056	
4338.425589	-0.000397	
4338.427590	-0.005412	
4338.429589	-0.007472	
4338.433590	-0.007396	
4338.435590	-0.002361	
4338.437589	-0.000711	
4338.439590	-0.002185	
4338.441589	0.000532	
