time (s)	magNum	magX	magY	magZ
4331.357040	0.000000	-290.391602	-131.115234	50.052734	1.000000	-86.280273	-190.589844	15.025391	2.000000	-479.250977	272.797852	457.634766	3.000000	-74.583008	-19.820312	-28.649414
4331.377651	0.000000	-321.348633	-137.365234	71.927734	1.000000	-91.553711	-211.097656	24.693359	2.000000	-458.059570	320.942383	471.892578	3.000000	-80.930664	-19.625000	-28.454102
4331.397166	0.000000	-355.137695	-142.931641	98.392578	1.000000	-96.827148	-234.242187	38.169922	2.000000	-430.129883	367.036133	480.291016	3.000000	-88.547852	-19.527344	-28.063477
4331.415566	0.000000	-390.586914	-147.619141	129.837891	1.000000	-100.928711	-259.144531	53.306641	2.000000	-396.633789	408.540039	483.513672	3.000000	-96.360352	-19.820312	-27.672852
4331.435120	0.000000	-431.504883	-152.013672	171.146484	1.000000	-103.467773	-287.855469	72.447266	2.000000	-354.446289	448.774414	480.583984	3.000000	-105.833008	-19.722656	-26.500977
4331.453520	0.000000	-473.301758	-154.259766	218.607422	1.000000	-103.565430	-318.031250	93.638672	2.000000	-309.329102	480.708008	471.111328	3.000000	-116.282227	-19.917969	-25.524414
4331.473072	0.000000	-519.297852	-152.697266	280.228516	1.000000	-101.124023	-352.406250	121.177734	2.000000	-255.813477	507.075195	452.654297	3.000000	-127.708008	-18.941406	-23.864258
4331.491456	0.000000	-563.340820	-144.787109	351.712891	1.000000	-95.166992	-388.050781	153.111328	2.000000	-203.567383	522.993164	425.896484	3.000000	-141.184570	-17.378906	-20.836914
4331.511005	0.000000	-563.340820	-144.787109	351.712891	1.000000	-82.862305	-428.187500	193.833984	2.000000	-146.438477	528.950195	388.982422	3.000000	-157.004883	-14.742187	-16.637695
4331.529669	0.000000	-643.125977	-99.279297	546.439453	1.000000	-62.940430	-466.761719	239.537109	2.000000	-94.680664	523.383789	348.357422	3.000000	-174.094727	-11.324219	-10.973633
4331.551522	0.000000	-668.028320	-51.720703	680.423828	1.000000	-27.295898	-507.484375	296.568359	2.000000	-39.211914	505.024414	298.455078	3.000000	-197.239258	-6.343750	-2.379883
4331.571058	0.000000	-667.735352	5.798828	805.130859	1.000000	16.747070	-536.878906	348.228516	2.000000	1.413086	479.731445	254.705078	3.000000	-219.504883	0.589844	7.385742
4331.591658	0.000000	-638.243164	80.896484	930.716797	1.000000	73.973633	-555.433594	399.498047	2.000000	35.885742	446.918945	210.955078	3.000000	-244.602539	9.867187	20.374023
4331.611133	0.000000	-579.942383	163.611328	1031.888672	1.000000	137.157227	-560.609375	443.150391	2.000000	60.104492	411.958008	172.185547	3.000000	-269.114258	21.976562	35.217773
4331.629514	0.000000	-497.129883	247.693359	1103.470703	1.000000	203.856445	-551.039062	476.451172	2.000000	76.217773	376.899414	138.591797	3.000000	-294.309570	36.234375	53.479492
4331.649025	0.000000	-383.360352	335.583984	1141.556641	1.000000	277.098633	-524.574219	497.837891	2.000000	88.717773	338.813477	106.755859	3.000000	-320.872070	56.351562	76.624023
4331.669625	0.000000	-245.079102	416.345703	1135.990234	1.000000	350.829102	-479.554687	501.939453	2.000000	96.334961	300.336914	78.044922	3.000000	-348.118164	82.425781	105.920898
4331.689173	0.000000	-112.364258	472.302734	1088.724609	1.000000	409.129883	-424.964844	487.193359	2.000000	99.362305	266.645508	55.779297	3.000000	-370.188477	112.210937	136.682617
4331.707559	0.000000	0.526367	504.529297	1014.310547	1.000000	448.875977	-369.398437	459.849609	2.000000	98.776367	238.520508	39.177734	3.000000	-387.473633	143.656250	168.030273
4331.727128	0.000000	99.940430	517.322266	916.947266	1.000000	475.243164	-309.535156	419.712891	2.000000	96.823242	211.665039	25.115234	3.000000	-399.485352	180.667969	202.502930
4331.745664	0.000000	174.745117	512.244141	813.724609	1.000000	485.301758	-254.847656	375.669922	2.000000	93.502930	188.813477	15.544922	3.000000	-404.465820	218.363281	236.487305
4331.766541	0.000000	235.780273	491.052734	694.779297	1.000000	482.079102	-198.695312	322.251953	2.000000	89.303711	166.059570	6.072266	3.000000	-400.657227	263.285156	273.694336
4331.787650	0.000000	273.963867	458.240234	579.544922	1.000000	466.356445	-148.988281	269.029297	2.000000	84.323242	145.551758	-1.349609	3.000000	-386.106445	309.574219	308.655273
4331.809532	0.000000	292.323242	418.494141	471.537109	1.000000	439.891602	-106.507812	218.833984	2.000000	79.147461	127.485352	-7.404297	3.000000	-358.958008	354.789062	338.440430
4331.829095	0.000000	296.131836	381.384766	390.384766	1.000000	413.133789	-77.601562	179.478516	2.000000	74.069336	114.106445	-10.724609	3.000000	-327.903320	389.945312	357.776367
4331.847511	0.000000	292.225586	348.376953	327.201172	1.000000	386.180664	-56.410156	148.326172	2.000000	69.479492	103.559570	-13.556641	3.000000	-294.114258	417.093750	370.862305
4331.867044	0.000000	284.120117	314.490234	271.732422	1.000000	357.274414	-40.101562	119.810547	2.000000	66.159180	93.793945	-15.607422	3.000000	-254.856445	440.042969	379.749023
4331.887650	0.000000	272.596680	282.458984	223.783203	1.000000	328.270508	-26.625000	94.517578	2.000000	62.741211	85.004883	-16.779297	3.000000	-212.766602	458.011719	383.655273
4331.907171	0.000000	260.096680	255.408203	186.185547	1.000000	302.098633	-16.761719	74.888672	2.000000	59.420898	77.387695	-17.560547	3.000000	-172.141602	468.949219	381.409180
4331.925547	0.000000	247.206055	232.654297	156.009766	1.000000	279.442383	-9.925781	59.263672	2.000000	56.295898	71.528320	-18.634766	3.000000	-134.348633	474.027344	374.475586
4331.945130	0.000000	233.924805	211.462891	130.423828	1.000000	258.446289	-3.871094	46.373047	2.000000	53.366211	66.254883	-19.513672	3.000000	-97.239258	474.710937	363.538086
4331.963534	0.000000	222.303711	194.861328	111.185547	1.000000	240.575195	-0.648437	36.412109	2.000000	51.120117	61.469727	-19.025391	3.000000	-66.184570	471.781250	352.893555
4331.983077	0.000000	211.756836	179.138672	95.267578	1.000000	224.071289	1.890625	28.111328	2.000000	49.166992	57.758789	-19.416016	3.000000	-36.985352	466.996094	342.541992
4332.001509	0.000000	203.651367	165.857422	83.646484	1.000000	210.692383	3.160156	21.861328	2.000000	48.092773	54.438477	-19.123047	3.000000	-12.766602	461.820312	335.315430
4332.021049	0.000000	195.741211	154.529297	73.392578	1.000000	197.704102	3.453125	16.099609	2.000000	46.627930	51.606445	-19.416016	3.000000	10.475586	455.277344	327.698242
4332.041686	0.000000	188.709961	144.470703	64.896484	1.000000	186.473633	3.941406	11.216797	2.000000	44.967773	49.555664	-19.611328	3.000000	31.276367	448.246094	319.983398
4332.063533	0.000000	182.069336	135.583984	57.376953	1.000000	175.926758	4.527344	7.408203	2.000000	43.795898	47.114258	-19.513672	3.000000	50.221680	440.726562	312.073242
4332.083110	0.000000	177.674805	129.041016	52.298828	1.000000	168.797852	4.332031	4.673828	2.000000	43.209961	45.258789	-18.927734	3.000000	64.967773	434.671875	307.288086
4332.101513	0.000000	174.452148	123.181641	48.392578	1.000000	162.743164	3.746094	2.818359	2.000000	42.916992	44.184570	-18.830078	3.000000	76.491211	430.472656	306.799805
4332.121051	0.000000	172.694336	118.591797	45.951172	1.000000	157.958008	2.476562	0.767578	2.000000	42.624023	42.915039	-18.732422	3.000000	88.698242	428.421875	309.827148
4332.141674	0.000000	173.084961	115.173828	44.583984	1.000000	153.465820	1.500000	-0.697266	2.000000	42.819336	42.915039	-18.927734	3.000000	98.854492	428.324219	318.030273
4332.163536	0.000000	174.256836	112.439453	44.974609	1.000000	150.536133	-0.355469	-1.576172	2.000000	43.405273	42.524414	-18.732422	3.000000	109.499023	430.667969	330.139648
4332.183102	0.000000	176.502930	110.486328	45.951172	1.000000	148.973633	-2.113281	-1.771484	2.000000	43.893555	42.524414	-18.732422	3.000000	117.995117	434.476562	343.811523
4332.201541	0.000000	179.237305	109.607422	47.025391	1.000000	148.192383	-3.382812	-2.064453	2.000000	44.870117	42.719727	-18.732422	3.000000	124.049805	438.968750	360.022461
4332.221099	0.000000	183.436523	108.826172	48.783203	1.000000	147.704102	-5.628906	-2.650391	2.000000	45.846680	42.915039	-18.537109	3.000000	130.788086	445.511719	380.920898
4332.239519	0.000000	189.393555	109.021484	51.908203	1.000000	148.485352	-7.582031	-2.357422	2.000000	47.799805	44.086914	-18.732422	3.000000	135.573242	454.007812	406.702148
4332.259062	0.000000	197.010742	109.705078	57.376953	1.000000	149.754883	-10.218750	-1.966797	2.000000	49.459961	45.747070	-19.025391	3.000000	140.260742	464.261719	442.541992
4332.277465	0.000000	206.874023	110.876953	63.333984	1.000000	152.586914	-13.441406	-1.478516	2.000000	51.999023	47.211914	-18.830078	3.000000	141.627930	475.199219	483.655273
4332.297028	0.000000	218.592773	112.341797	72.611328	1.000000	155.321289	-17.542969	-0.208984	2.000000	54.538086	49.262695	-18.341797	3.000000	139.870117	486.527344	534.827148
4332.317645	0.000000	233.338867	114.490234	83.744141	1.000000	159.325195	-22.035156	1.060547	2.000000	58.053711	51.606445	-17.951172	3.000000	134.791992	497.464844	595.666992
4332.339535	0.000000	250.819336	116.736328	97.708984	1.000000	164.305664	-27.601562	2.037109	2.000000	62.643555	55.317383	-18.146484	3.000000	123.073242	506.156250	667.737305
4332.359086	0.000000	269.569336	119.470703	113.041016	1.000000	168.797852	-33.070312	3.794922	2.000000	66.745117	58.833008	-17.951172	3.000000	105.592773	509.867187	739.612305
4332.377516	0.000000	289.588867	121.228516	132.376953	1.000000	174.071289	-39.320312	6.041016	2.000000	72.213867	62.739258	-17.365234	3.000000	80.202148	507.523437	815.100586
4332.397049	0.000000	314.979492	122.400391	158.646484	1.000000	180.321289	-47.425781	8.873047	2.000000	78.268555	67.915039	-15.802734	3.000000	40.163086	495.511719	901.331055
4332.416531	0.000000	344.276367	122.009766	190.873047	1.000000	186.864258	-56.898437	12.095703	2.000000	85.885742	73.774414	-14.142578	3.000000	-12.375977	470.414062	986.389648
4332.437535	0.000000	378.651367	118.884766	233.939453	1.000000	193.016602	-68.519531	15.513672	2.000000	95.456055	81.489258	-11.115234	3.000000	-83.372070	427.445312	1069.104492
4332.457124	0.000000	413.514648	112.927734	281.595703	1.000000	198.387695	-79.750000	19.126953	2.000000	105.221680	89.692383	-7.990234	3.000000	-161.692383	373.246094	1127.698242
4332.475540	0.000000	446.815430	103.845703	334.623047	1.000000	203.563477	-91.859375	22.349609	2.000000	116.061523	98.383789	-3.791016	3.000000	-243.528320	310.355469	1159.631836
4332.495112	0.000000	483.534180	88.123047	403.666016	1.000000	207.860352	-106.214844	26.841797	2.000000	129.147461	109.516602	1.775391	3.000000	-333.958008	232.914062	1162.463867
4332.513504	0.000000	516.346680	66.150391	479.935547	1.000000	211.180664	-121.156250	31.431641	2.000000	143.405273	121.821289	8.806641	3.000000	-417.649414	153.031250	1132.874023
4332.533026	0.000000	547.108398	30.603516	574.076172	1.000000	212.547852	-137.855469	35.630859	2.000000	161.569336	136.958008	20.037109	3.000000	-495.090820	65.531250	1066.565430
4332.553618	0.000000	569.081055	-22.130859	683.353516	1.000000	211.180664	-156.507812	40.025391	2.000000	184.030273	155.415039	36.345703	3.000000	-556.711914	-20.699219	961.975586
4332.573085	0.000000	574.842773	-86.583984	790.189453	1.000000	207.469727	-173.695312	42.564453	2.000000	208.346680	176.118164	55.779297	3.000000	-590.793945	-88.570312	841.956055
4332.591464	0.000000	560.780273	-158.849609	889.798828	1.000000	200.926758	-190.003906	45.689453	2.000000	233.053711	197.993164	80.291016	3.000000	-601.047852	-136.324219	719.202148
4332.610976	0.000000	521.717773	-244.494141	985.111328	1.000000	191.942383	-205.921875	48.130859	2.000000	262.057617	224.653320	113.298828	3.000000	-591.086914	-168.843750	589.416992
4332.631571	0.000000	450.526367	-341.564453	1064.115234	1.000000	179.735352	-221.839844	49.498047	2.000000	294.674805	256.684570	159.685547	3.000000	-562.473633	-186.617187	462.170898
4332.651089	0.000000	355.995117	-433.263672	1103.958984	1.000000	165.379883	-233.949219	49.498047	2.000000	327.096680	289.692383	217.107422	3.000000	-522.727539	-191.597656	356.604492
4332.669474	0.000000	249.159180	-512.365234	1103.177734	1.000000	149.168945	-242.542969	47.544922	2.000000	357.760742	322.504883	284.783203	3.000000	-478.684570	-188.960937	271.545898
4332.688975	0.000000	125.526367	-579.552734	1060.599609	1.000000	130.223633	-248.109375	43.931641	2.000000	388.327148	357.368164	374.822266	3.000000	-429.368164	-180.464844	197.034180
4332.709559	0.000000	-3.672852	-623.986328	978.080078	1.000000	109.227539	-250.453125	39.048828	2.000000	410.690430	392.426758	488.201172	3.000000	-378.000977	-166.304687	135.315430
4332.729127	0.000000	-112.559570	-639.220703	875.833984	1.000000	89.989258	-249.574219	34.947266	2.000000	419.870117	421.040039	612.712891	3.000000	-332.200195	-150.777344	90.491211
4332.747569	0.000000	-196.055664	-631.994141	768.998047	1.000000	72.508789	-247.132812	30.455078	2.000000	410.592773	440.473633	739.568359	3.000000	-294.993164	-136.421875	58.752930
4332.769668	0.000000	-269.200195	-602.306641	636.966797	1.000000	53.075195	-240.589844	24.595703	2.000000	372.213867	449.653320	895.720703	3.000000	-254.758789	-119.722656	30.920898
4332.790586	0.000000	-310.704102	-560.021484	518.314453	1.000000	36.375977	-231.507812	18.736328	2.000000	307.272461	439.594727	1038.005859	3.000000	-220.676758	-105.269531	11.584961
4332.811648	0.000000	-330.430664	-509.630859	408.451172	1.000000	21.239258	-220.082031	12.291016	2.000000	212.741211	408.540039	1161.736328	3.000000	-191.672852	-92.769531	-2.672852
4332.831141	0.000000	-333.262695	-460.119141	321.634766	1.000000	8.739258	-208.558594	6.822266	2.000000	102.780273	363.422852	1245.134766	3.000000	-168.430664	-82.222656	-11.950195
4332.849545	0.000000	-327.110352	-414.806641	252.787109	1.000000	-0.635742	-197.816406	2.134766	2.000000	-12.844727	311.860352	1287.517578	3.000000	-149.583008	-73.531250	-18.200195
4332.869133	0.000000	-315.293945	-369.787109	195.267578	1.000000	-9.424805	-186.683594	-1.771484	2.000000	-135.989258	253.364258	1292.498047	3.000000	-132.688477	-65.328125	-22.594727
4332.887535	0.000000	-300.840820	-331.603516	152.103516	1.000000	-15.967773	-177.113281	-4.994141	2.000000	-243.508789	198.969727	1263.298828	3.000000	-119.211914	-58.785156	-25.524414
4332.907088	0.000000	-283.946289	-295.958984	115.677734	1.000000	-21.338867	-166.664062	-7.630859	2.000000	-341.848633	145.258789	1205.291016	3.000000	-107.493164	-52.730469	-27.379883
4332.925521	0.000000	-267.930664	-265.490234	87.259766	1.000000	-26.026367	-157.386719	-10.169922	2.000000	-417.727539	98.383789	1132.146484	3.000000	-97.629883	-47.652344	-28.454102
4332.945060	0.000000	-250.450195	-237.462891	62.748047	1.000000	-29.346680	-147.718750	-12.806641	2.000000	-479.934570	54.243164	1041.423828	3.000000	-88.840820	-42.769531	-29.430664
4332.963449	0.000000	-234.532227	-214.416016	45.169922	1.000000	-32.471680	-139.613281	-14.857422	2.000000	-521.536133	20.258789	951.189453	3.000000	-81.223633	-39.351562	-30.114258
4332.983028	0.000000	-219.102539	-194.005859	29.642578	1.000000	-34.620117	-131.703125	-16.517578	2.000000	-547.805664	-7.280273	857.537109	3.000000	-73.997070	-36.226562	-29.821289
4333.003622	0.000000	-205.625977	-175.744141	18.412109	1.000000	-36.182617	-124.867187	-17.689453	2.000000	-561.770508	-26.030273	766.814453	3.000000	-68.333008	-33.101562	-29.723633
4333.025533	0.000000	-193.809570	-159.142578	9.427734	1.000000	-37.842773	-118.812500	-18.373047	2.000000	-565.188477	-36.772461	681.365234	3.000000	-63.547852	-30.171875	-29.528320
4333.045099	0.000000	-184.629883	-147.033203	3.275391	1.000000	-39.014648	-113.832031	-18.958984	2.000000	-561.868164	-41.752930	614.958984	3.000000	-59.641602	-27.632812	-29.137695
4333.063529	0.000000	-177.598633	-137.169922	-1.216797	1.000000	-40.381836	-110.316406	-19.251953	2.000000	-555.227539	-43.901367	559.490234	3.000000	-57.297852	-26.070312	-29.040039
4333.083087	0.000000	-170.274414	-128.478516	-5.708984	1.000000	-41.163086	-106.898437	-20.130859	2.000000	-545.657227	-44.877930	509.294922	3.000000	-54.075195	-24.800781	-28.258789
4333.101512	0.000000	-164.805664	-121.837891	-8.736328	1.000000	-41.944336	-103.871094	-20.130859	2.000000	-536.086914	-44.096680	469.646484	3.000000	-52.317383	-23.824219	-27.672852
4333.121080	0.000000	-160.606445	-116.173828	-11.177734	1.000000	-43.018555	-101.917969	-20.912109	2.000000	-526.028320	-40.678711	435.857422	3.000000	-50.266602	-22.652344	-28.258789
4333.139535	0.000000	-158.165039	-111.388672	-11.763672	1.000000	-44.092773	-101.136719	-20.521484	2.000000	-518.118164	-35.307617	411.248047	3.000000	-49.192383	-21.382812	-27.770508
4333.159087	0.000000	-157.579102	-107.775391	-12.935547	1.000000	-45.166992	-100.648437	-20.228516	2.000000	-510.891602	-26.909180	390.251953	3.000000	-47.922852	-20.699219	-27.672852
4333.177494	0.000000	-157.676758	-105.236328	-12.740234	1.000000	-46.338867	-101.039062	-20.130859	2.000000	-505.520508	-17.436523	374.529297	3.000000	-47.727539	-19.722656	-27.672852
4333.197045	0.000000	-158.848633	-103.087891	-13.228516	1.000000	-48.194336	-102.210937	-19.642578	2.000000	-501.223633	-7.377930	362.810547	3.000000	-47.825195	-19.332031	-27.770508
4333.217634	0.000000	-160.997070	-101.818359	-12.447266	1.000000	-49.463867	-104.261719	-19.056641	2.000000	-497.903320	4.047852	356.072266	3.000000	-48.020508	-19.234375	-27.672852
4333.237123	0.000000	-164.610352	-102.111328	-11.568359	1.000000	-51.124023	-106.703125	-18.568359	2.000000	-497.219727	15.864258	354.314453	3.000000	-47.922852	-19.039062	-27.672852
4333.255534	0.000000	-169.200195	-102.404297	-10.005859	1.000000	-53.370117	-109.730469	-17.884766	2.000000	-497.610352	29.536133	355.876953	3.000000	-48.508789	-19.039062	-27.770508
4333.275122	0.000000	-175.938477	-103.771484	-7.662109	1.000000	-55.713867	-114.417969	-16.712891	2.000000	-499.368164	47.211914	361.052734	3.000000	-50.559570	-18.843750	-27.965820
4333.293535	0.000000	-184.141602	-105.822266	-5.025391	1.000000	-58.643555	-119.789062	-15.052734	2.000000	-501.321289	67.231445	367.888672	3.000000	-51.047852	-18.941406	-27.965820
4333.313079	0.000000	-194.981445	-108.361328	-0.728516	1.000000	-61.768555	-127.015625	-12.611328	2.000000	-503.176758	91.450195	378.337891	3.000000	-53.391602	-18.746094	-28.258789
4333.331514	0.000000	-206.993164	-111.193359	4.349609	1.000000	-65.577148	-135.121094	-10.267578	2.000000	-504.348633	116.938477	391.716797	3.000000	-55.930664	-19.136719	-28.454102
4333.351061	0.000000	-221.641602	-115.685547	11.185547	1.000000	-69.678711	-145.082031	-6.654297	2.000000	-504.153320	147.016602	408.611328	3.000000	-59.739258	-19.527344	-28.258789
4333.371678	0.000000	-240.000977	-121.740234	20.951172	1.000000	-73.584961	-156.800781	-2.748047	2.000000	-501.809570	181.782227	428.044922	3.000000	-63.254883	-19.722656	-28.844727
4333.393538	0.000000	-262.754883	-127.697266	33.060547	1.000000	-78.663086	-171.937500	3.013672	2.000000	-494.778320	223.481445	449.138672	3.000000	-68.333008	-20.210937	-29.137695
4333.413117	0.000000	-287.266602	-134.044922	47.611328	1.000000	-83.545898	-188.148437	10.240234	2.000000	-482.668945	266.059570	465.740234	3.000000	-73.606445	-20.406250	-29.137695
4333.431514	0.000000	-313.829102	-139.708984	66.654297	1.000000	-88.526367	-206.605469	18.931641	2.000000	-464.407227	308.735352	478.044922	3.000000	-79.172852	-20.992187	-29.235352
4333.451061	0.000000	-346.739258	-146.544922	92.435547	1.000000	-93.506836	-228.968750	31.431641	2.000000	-437.942383	355.610352	488.103516	3.000000	-86.594727	-20.992187	-28.747070
4333.471656	0.000000	-386.290039	-152.794922	126.126953	1.000000	-97.706055	-256.019531	47.251953	2.000000	-401.223633	403.266602	493.865234	3.000000	-95.090820	-21.285156	-28.063477
4333.491174	0.000000	-427.012695	-157.482422	166.263672	1.000000	-100.538086	-284.242187	65.025391	2.000000	-360.110352	444.379883	492.498047	3.000000	-105.149414	-21.187500	-26.696289
4333.509565	0.000000	-468.321289	-160.607422	213.529297	1.000000	-101.124023	-313.832031	85.435547	2.000000	-314.407227	477.680664	483.513672	3.000000	-114.426758	-20.992187	-26.012695
4333.529148	0.000000	-515.098633	-160.119141	275.150391	1.000000	-98.877930	-348.402344	112.291016	2.000000	-261.477539	505.415039	465.740234	3.000000	-127.317383	-20.699219	-23.375977
4333.547548	0.000000	-559.336914	-153.869141	347.123047	1.000000	-92.920898	-384.144531	143.345703	2.000000	-207.375977	522.797852	439.470703	3.000000	-139.915039	-19.429687	-20.739258
4333.567081	0.000000	-604.063477	-138.146484	439.408203	1.000000	-80.420898	-424.281250	182.701172	2.000000	-149.661133	529.829102	403.044922	3.000000	-155.833008	-17.378906	-16.540039
4333.585482	0.000000	-640.196289	-112.462891	539.896484	1.000000	-61.768555	-462.171875	225.767578	2.000000	-97.805664	526.020508	363.005859	3.000000	-173.704102	-14.449219	-11.364258
4333.604996	0.000000	-664.317383	-72.814453	658.451172	1.000000	-31.983398	-498.988281	275.083984	2.000000	-47.122070	511.176758	317.498047	3.000000	-192.942383	-9.859375	-3.551758
4333.625596	0.000000	-669.102539	-15.783203	789.896484	1.000000	10.594727	-531.019531	328.501953	2.000000	-3.274414	486.176758	270.623047	3.000000	-216.672852	-3.218750	6.116211
4333.645069	0.000000	-646.836914	51.794922	912.162109	1.000000	61.864258	-551.429687	376.744141	2.000000	31.295898	456.196289	228.630859	3.000000	-240.696289	4.886719	18.323242
4333.665637	0.000000	-590.489258	136.072266	1027.787109	1.000000	127.782227	-559.925781	422.544922	2.000000	59.420898	419.868164	186.052734	3.000000	-267.063477	16.019531	34.729492
4333.685159	0.000000	-503.868164	225.427734	1111.478516	1.000000	197.801758	-552.503906	458.189453	2.000000	79.147461	382.270508	148.650391	3.000000	-294.895508	31.253906	54.456055
4333.703536	0.000000	-398.399414	310.388672	1152.884766	1.000000	265.868164	-530.042969	479.966797	2.000000	91.061523	346.333008	116.716797	3.000000	-320.188477	49.320312	76.038086
4333.723065	0.000000	-269.786133	390.369141	1155.033203	1.000000	335.008789	-491.566406	488.755859	2.000000	98.385742	309.614258	88.298828	3.000000	-345.774414	73.539062	103.186523
4333.741485	0.000000	-145.958008	449.158203	1118.314453	1.000000	391.161133	-444.398437	480.259766	2.000000	101.120117	277.485352	65.935547	3.000000	-367.551758	100.101562	131.311523
4333.761017	0.000000	-145.958008	449.158203	1118.314453	1.000000	437.157227	-386.976562	455.162109	2.000000	101.608398	246.625977	47.283203	3.000000	-386.790039	132.425781	164.612305
4333.780867	0.000000	87.245117	507.263672	951.810547	1.000000	466.649414	-326.625000	416.197266	2.000000	99.752930	218.305664	32.146484	3.000000	-401.926758	169.339844	201.916992
4333.801660	0.000000	177.088867	504.724609	836.283203	1.000000	480.125977	-264.808594	367.076172	2.000000	97.116211	191.645508	19.646484	3.000000	-409.543945	212.406250	242.834961
4333.822570	0.000000	240.956055	485.681641	713.724609	1.000000	478.270508	-208.070312	314.927734	2.000000	92.624023	168.696289	9.197266	3.000000	-406.516602	258.597656	281.799805
4333.842557	0.000000	277.577148	457.166016	601.810547	1.000000	464.793945	-160.511719	267.076172	2.000000	87.545898	149.067383	1.970703	3.000000	-392.844727	302.542969	314.709961
4333.863604	0.000000	295.643555	420.837891	496.341797	1.000000	442.040039	-119.398437	220.494141	2.000000	81.491211	131.684570	-3.986328	3.000000	-368.918945	346.390625	343.616211
4333.883099	0.000000	300.428711	384.216797	413.333984	1.000000	416.258789	-88.832031	181.919922	2.000000	77.584961	117.622070	-8.185547	3.000000	-338.157227	382.621094	365.100586
4333.901500	0.000000	298.280273	350.427734	346.439453	1.000000	388.915039	-66.664062	149.693359	2.000000	73.385742	106.391602	-10.626953	3.000000	-304.758789	412.113281	381.506836
4333.921052	0.000000	298.280273	350.427734	346.439453	1.000000	359.715820	-48.500000	119.419922	2.000000	69.479492	95.747070	-13.068359	3.000000	-265.305664	437.601562	392.932617
4333.941623	0.000000	280.018555	283.728516	235.990234	1.000000	330.321289	-34.046875	93.638672	2.000000	65.084961	86.567383	-14.533203	3.000000	-221.360352	457.621094	398.108398
4333.961171	0.000000	266.834961	256.775391	195.951172	1.000000	304.149414	-23.500000	74.107422	2.000000	61.764648	79.536133	-15.802734	3.000000	-179.563477	469.730469	395.959961
4333.979564	0.000000	253.358398	234.021484	165.775391	1.000000	282.274414	-15.492187	59.361328	2.000000	58.639648	73.286133	-17.169922	3.000000	-141.575195	475.199219	388.635742
4333.999100	0.000000	240.370117	212.732422	139.212891	1.000000	260.985352	-9.730469	46.177734	2.000000	55.612305	67.426758	-17.462891	3.000000	-103.391602	476.859375	378.186523
4334.017557	0.000000	228.749023	195.056641	118.412109	1.000000	243.016602	-5.726562	36.021484	2.000000	53.073242	62.446289	-17.462891	3.000000	-70.872070	474.710937	368.225586
4334.037103	0.000000	217.225586	178.455078	101.419922	1.000000	225.926758	-2.992187	26.841797	2.000000	51.413086	58.735352	-18.634766	3.000000	-39.133789	470.511719	357.971680
4334.055495	0.000000	208.827148	165.759766	88.333984	1.000000	211.571289	-1.332031	20.201172	2.000000	49.655273	55.610352	-18.341797	3.000000	-13.254883	464.945312	349.670898
4334.075087	0.000000	200.331055	154.138672	77.591797	1.000000	198.680664	-0.453125	14.244141	2.000000	48.288086	52.485352	-18.537109	3.000000	10.377930	458.304687	341.174805
4334.093494	0.000000	193.885742	144.568359	69.388672	1.000000	187.938477	0.328125	10.044922	2.000000	47.116211	50.434570	-18.537109	3.000000	29.909180	451.957031	333.752930
4334.113054	0.000000	193.885742	144.568359	69.388672	1.000000	178.465820	0.816406	6.626953	2.000000	45.651367	47.700195	-18.439453	3.000000	47.780273	444.828125	325.549805
4334.133645	0.000000	182.362305	128.259766	55.326172	1.000000	169.872070	0.718750	3.501953	2.000000	45.163086	45.844727	-18.341797	3.000000	64.479492	437.699219	319.495117
4334.153155	0.000000	178.163086	122.595703	51.126953	1.000000	163.524414	0.523437	1.060547	2.000000	44.284180	44.379883	-18.439453	3.000000	78.151367	432.621094	317.249023
4334.171557	0.000000	176.307617	117.810547	48.880859	1.000000	158.250977	-0.257812	-0.892578	2.000000	44.674805	43.598633	-18.732422	3.000000	89.479492	429.984375	319.397461
4334.191130	0.000000	175.428711	114.099609	46.732422	1.000000	153.954102	-1.429687	-2.455078	2.000000	44.381836	42.817383	-18.341797	3.000000	100.807617	429.007812	325.061523
4334.209538	0.000000	176.307617	111.267578	46.439453	1.000000	151.122070	-2.503906	-3.138672	2.000000	44.870117	42.719727	-18.439453	3.000000	110.963867	429.593750	333.655273
4334.229074	0.000000	177.284180	108.240234	46.146484	1.000000	148.387695	-4.066406	-4.017578	2.000000	45.260742	42.329102	-18.146484	3.000000	119.264648	431.742187	346.057617
4334.247472	0.000000	179.627930	107.263672	46.927734	1.000000	146.825195	-5.433594	-4.798828	2.000000	45.944336	42.231445	-18.244141	3.000000	127.174805	435.062500	359.241211
4334.267014	0.000000	183.241211	105.994141	48.392578	1.000000	146.043945	-7.191406	-5.091797	2.000000	47.311523	42.622070	-18.244141	3.000000	133.913086	440.140625	377.991211
4334.287626	0.000000	188.709961	105.212891	51.908203	1.000000	146.434570	-9.046875	-5.091797	2.000000	48.483398	42.915039	-18.341797	3.000000	139.577148	448.148437	404.065430
4334.307113	0.000000	195.936523	105.798828	56.107422	1.000000	147.411133	-11.585937	-4.701172	2.000000	50.143555	44.575195	-18.146484	3.000000	144.166992	457.523437	436.877930
4334.325507	0.000000	204.334961	106.482422	61.869141	1.000000	148.973633	-14.613281	-4.310547	2.000000	52.194336	46.040039	-18.537109	3.000000	147.877930	466.898437	474.866211
4334.345090	0.000000	214.979492	107.263672	68.607422	1.000000	151.512695	-18.128906	-3.919922	2.000000	54.831055	47.895508	-17.853516	3.000000	149.831055	477.445312	522.327148
4334.363513	0.000000	226.795898	108.435547	77.005859	1.000000	154.247070	-21.839844	-3.138672	2.000000	57.760742	49.360352	-17.560547	3.000000	148.268555	486.722656	572.522461
4334.383050	0.000000	241.639648	109.900391	87.650391	1.000000	158.153320	-26.429687	-2.064453	2.000000	61.374023	51.899414	-17.365234	3.000000	141.920898	495.414062	633.069336
4334.402536	0.000000	258.143555	112.146484	101.712891	1.000000	162.450195	-31.410156	-0.599609	2.000000	65.280273	55.610352	-17.462891	3.000000	128.639648	501.859375	700.452148
4334.423542	0.000000	279.432617	114.392578	121.048828	1.000000	168.407227	-37.757812	1.744141	2.000000	70.749023	59.321289	-16.486328	3.000000	104.811523	502.738281	782.971680
4334.443093	0.000000	302.870117	115.564453	142.435547	1.000000	173.680664	-44.886719	3.501953	2.000000	76.706055	64.008789	-15.509766	3.000000	73.659180	495.121094	867.053711
4334.461526	0.000000	327.479492	114.978516	168.412109	1.000000	178.661133	-52.601562	5.650391	2.000000	82.760742	68.793945	-14.044922	3.000000	33.620117	477.542969	949.280273
4334.481107	0.000000	356.678711	112.634766	201.224609	1.000000	184.325195	-62.367187	7.701172	2.000000	90.768555	74.653320	-12.287109	3.000000	-21.360352	446.195312	1033.362305
4334.499497	0.000000	387.147461	109.021484	239.017578	1.000000	189.598633	-72.035156	10.630859	2.000000	99.557617	81.098633	-9.455078	3.000000	-85.911133	403.910156	1102.014648
4334.519040	0.000000	387.147461	109.021484	239.017578	1.000000	195.458008	-83.753906	14.537109	2.000000	110.104492	89.204102	-6.037109	3.000000	-167.454102	345.707031	1154.846680
4334.538891	0.000000	458.924805	89.783203	349.271484	1.000000	200.731445	-97.132812	18.345703	2.000000	122.311523	99.360352	-1.056641	3.000000	-260.032227	273.441406	1180.139648
4334.557585	0.000000	493.397461	72.595703	417.630859	1.000000	204.833008	-110.316406	22.544922	2.000000	135.299805	110.493164	4.900391	3.000000	-349.094727	196.000000	1172.815430
4334.577111	0.000000	527.674805	44.373047	499.955078	1.000000	207.762695	-125.843750	26.255859	2.000000	151.706055	123.676758	13.884766	3.000000	-434.934570	108.597656	1131.311523
4334.595508	0.000000	554.627930	6.580078	587.064453	1.000000	207.860352	-141.273437	29.478516	2.000000	169.577148	137.934570	25.115234	3.000000	-503.879883	26.468750	1060.510742
4334.615046	0.000000	573.182617	-46.544922	688.138672	1.000000	205.516602	-157.972656	32.603516	2.000000	191.745117	155.415039	40.642578	3.000000	-557.395508	-52.535156	955.334961
4334.635633	0.000000	575.428711	-117.638672	799.955078	1.000000	200.926758	-175.941406	36.119141	2.000000	217.331055	177.192383	63.005859	3.000000	-589.719727	-118.746094	822.131836
4334.655123	0.000000	555.213867	-196.349609	902.689453	1.000000	194.579102	-192.445312	39.048828	2.000000	245.260742	201.118164	91.228516	3.000000	-595.383789	-162.007812	688.049805
4334.673531	0.000000	512.245117	-278.478516	987.943359	1.000000	185.985352	-206.703125	41.197266	2.000000	273.288086	226.411133	125.603516	3.000000	-582.883789	-187.105469	565.588867
4334.693043	0.000000	441.151367	-370.470703	1053.763672	1.000000	174.364258	-220.277344	41.978516	2.000000	305.026367	256.782227	171.501953	3.000000	-552.610352	-199.800781	446.643555
4334.713636	0.000000	338.905273	-465.197266	1085.404297	1.000000	158.836914	-231.800781	40.904297	2.000000	340.670898	290.961914	235.271484	3.000000	-509.250977	-202.339844	337.659180
4334.733142	0.000000	224.256836	-544.298828	1073.294922	1.000000	142.235352	-240.003906	39.048828	2.000000	373.385742	324.653320	311.736328	3.000000	-461.106445	-196.578125	251.233398
4334.751519	0.000000	108.436523	-600.841797	1025.736328	1.000000	124.266602	-244.398437	35.630859	2.000000	400.631836	356.098633	400.896484	3.000000	-415.305664	-185.738281	184.534180
4334.771064	0.000000	-10.411133	-636.583984	944.193359	1.000000	105.516602	-245.960937	31.724609	2.000000	421.432617	387.739258	511.833984	3.000000	-367.844727	-170.699219	128.381836
4334.791646	0.000000	-120.176758	-645.958984	836.478516	1.000000	85.790039	-245.082031	27.525391	2.000000	428.073242	415.375977	644.744141	3.000000	-322.336914	-153.316406	83.557617
4334.811213	0.000000	-203.477539	-633.068359	724.759766	1.000000	68.211914	-241.371094	23.130859	2.000000	413.913086	432.563477	781.462891	3.000000	-283.176758	-136.910156	52.405273
4334.830921	0.000000	-264.219727	-602.599609	609.232422	1.000000	51.415039	-235.218750	18.541016	2.000000	376.413086	436.567383	921.990234	3.000000	-248.020508	-121.773437	28.088867
4334.850568	0.000000	-302.305664	-561.193359	499.564453	1.000000	36.375977	-226.820312	12.974609	2.000000	312.057617	423.579102	1056.658203	3.000000	-217.161133	-108.296875	10.706055
4334.871620	0.000000	-320.958008	-509.923828	392.923828	1.000000	21.434570	-215.687500	7.408203	2.000000	215.280273	390.180664	1178.630859	3.000000	-188.157227	-95.210937	-3.258789
4334.891163	0.000000	-324.180664	-460.900391	309.720703	1.000000	10.008789	-204.261719	2.134766	2.000000	104.928711	343.989258	1258.611328	3.000000	-165.403320	-84.175781	-12.536133
4334.909535	0.000000	-318.321289	-415.978516	244.974609	1.000000	0.731445	-194.105469	-2.064453	2.000000	-9.036133	293.305664	1298.064453	3.000000	-147.239258	-75.679687	-18.102539
4334.929076	0.000000	-307.481445	-371.349609	189.408203	1.000000	-6.983398	-183.656250	-5.384766	2.000000	-131.106445	236.079102	1300.994141	3.000000	-131.223633	-67.085937	-22.301758
4334.947489	0.000000	-293.809570	-333.166016	147.708984	1.000000	-13.819336	-173.695312	-8.216797	2.000000	-239.016602	182.368164	1270.623047	3.000000	-117.747070	-60.640625	-25.231445
4334.967051	0.000000	-277.696289	-296.642578	111.283203	1.000000	-19.678711	-164.222656	-10.462891	2.000000	-339.797852	128.461914	1209.978516	3.000000	-106.516602	-54.195312	-27.184570
4334.985467	0.000000	-261.680664	-266.759766	83.451172	1.000000	-23.975586	-155.140625	-13.197266	2.000000	-416.555664	81.782227	1134.587891	3.000000	-96.067383	-49.117187	-28.258789
4335.005038	0.000000	-244.493164	-239.123047	60.208984	1.000000	-27.491211	-145.667969	-15.248047	2.000000	-477.200195	38.618164	1044.255859	3.000000	-86.790039	-44.625000	-29.137695
4335.025623	0.000000	-227.696289	-214.318359	41.556641	1.000000	-30.420898	-136.976562	-17.591797	2.000000	-520.657227	3.364258	946.111328	3.000000	-79.368164	-40.230469	-29.528320
4335.045173	0.000000	-213.829102	-194.494141	28.080078	1.000000	-32.764648	-129.750000	-18.763672	2.000000	-545.657227	-20.170898	855.193359	3.000000	-73.704102	-36.812500	-29.333008
4335.063576	0.000000	-202.696289	-178.185547	18.021484	1.000000	-34.327148	-123.792969	-19.642578	2.000000	-558.059570	-34.428711	774.236328	3.000000	-68.333008	-34.664062	-29.528320
4335.083133	0.000000	-191.856445	-163.146484	9.818359	1.000000	-35.987305	-118.812500	-20.033203	2.000000	-562.551758	-43.999023	695.720703	3.000000	-63.352539	-31.636719	-29.040039
4335.101533	0.000000	-183.848633	-151.330078	4.056641	1.000000	-37.354492	-114.320312	-20.521484	2.000000	-560.598633	-48.686523	630.583984	3.000000	-60.129883	-29.878906	-28.844727
4335.121066	0.000000	-175.450195	-140.978516	-1.119141	1.000000	-38.233398	-110.316406	-21.107422	2.000000	-554.153320	-51.323242	571.306641	3.000000	-56.516602	-27.925781	-28.551758
4335.140538	0.000000	-169.102539	-132.091797	-5.220703	1.000000	-39.112305	-106.898437	-21.595703	2.000000	-545.657227	-51.909180	522.478516	3.000000	-54.368164	-26.070312	-28.356445
4335.161577	0.000000	-163.731445	-124.669922	-8.345703	1.000000	-39.991211	-104.066406	-21.791016	2.000000	-535.403320	-49.956055	479.314453	3.000000	-51.926758	-24.996094	-28.063477
4335.181126	0.000000	-159.629883	-119.201172	-10.201172	1.000000	-40.967773	-102.601562	-22.083984	2.000000	-526.223633	-45.854492	446.111328	3.000000	-49.778320	-24.019531	-27.575195
4335.199527	0.000000	-157.481445	-114.904297	-11.470703	1.000000	-41.846680	-101.527344	-21.888672	2.000000	-518.606445	-39.213867	420.134766	3.000000	-48.997070	-22.945312	-27.282227
4335.219067	0.000000	-156.797852	-110.802734	-12.251953	1.000000	-43.018555	-101.527344	-21.791016	2.000000	-511.379883	-30.620117	397.673828	3.000000	-48.313477	-22.164062	-27.477539
4335.239681	0.000000	-156.797852	-107.677734	-12.447266	1.000000	-44.776367	-101.722656	-21.009766	2.000000	-505.911133	-20.268555	381.560547	3.000000	-47.727539	-21.285156	-26.989258
4335.259176	0.000000	-158.750977	-106.115234	-12.154297	1.000000	-46.241211	-103.285156	-21.009766	2.000000	-502.200195	-9.819336	371.794922	3.000000	-47.434570	-20.503906	-27.282227
4335.277602	0.000000	-160.899414	-105.431641	-11.275391	1.000000	-47.803711	-104.945312	-20.130859	2.000000	-500.540039	0.922852	367.498047	3.000000	-48.118164	-20.503906	-27.282227
4335.297147	0.000000	-165.098633	-105.724609	-10.396484	1.000000	-49.170898	-107.777344	-19.740234	2.000000	-500.149414	13.715820	366.423828	3.000000	-48.313477	-20.503906	-27.086914
4335.315567	0.000000	-170.079102	-106.505859	-8.541016	1.000000	-51.221680	-111.292969	-18.763672	2.000000	-500.833008	27.973633	368.572266	3.000000	-49.290039	-20.406250	-27.086914
4335.335117	0.000000	-176.719727	-107.873047	-6.490234	1.000000	-54.151367	-116.175781	-17.787109	2.000000	-502.004883	46.625977	373.259766	3.000000	-50.950195	-20.601562	-27.379883
4335.353533	0.000000	-185.118164	-110.021484	-2.779297	1.000000	-56.885742	-121.937500	-15.736328	2.000000	-503.665039	67.426758	380.779297	3.000000	-52.122070	-20.308594	-27.282227
4335.373070	0.000000	-196.153320	-112.365234	1.224609	1.000000	-60.499023	-128.968750	-13.587891	2.000000	-505.422852	92.426758	391.912109	3.000000	-55.247070	-20.210937	-27.477539
4335.392532	0.000000	-209.239258	-116.076172	7.279297	1.000000	-63.819336	-137.757812	-10.755859	2.000000	-506.399414	119.868164	406.755859	3.000000	-57.004883	-20.503906	-27.672852
4335.413561	0.000000	-226.231445	-121.251953	15.189453	1.000000	-67.823242	-148.792969	-7.435547	2.000000	-505.618164	152.875977	425.505859	3.000000	-61.106445	-20.992187	-28.063477
4335.433142	0.000000	-244.004883	-127.208984	25.248047	1.000000	-71.534180	-160.804687	-2.845703	2.000000	-502.297852	187.543945	444.939453	3.000000	-64.719727	-21.480469	-27.965820
4335.451552	0.000000	-263.926758	-132.873047	36.576172	1.000000	-76.026367	-173.988281	1.939453	2.000000	-495.364258	224.165039	463.005859	3.000000	-69.407227	-22.164062	-28.161133
4335.471102	0.000000	-288.438477	-139.416016	52.005859	1.000000	-80.323242	-190.589844	9.263672	2.000000	-482.278320	267.719727	479.900391	3.000000	-74.583008	-22.652344	-27.965820
4335.489506	0.000000	-315.879883	-145.666016	71.244141	1.000000	-85.303711	-208.949219	18.345703	2.000000	-463.137695	310.981445	492.693359	3.000000	-80.735352	-22.847656	-28.063477
4335.509039	0.000000	-348.692383	-152.111328	96.439453	1.000000	-90.284180	-230.921875	29.869141	2.000000	-435.793945	357.661133	502.068359	3.000000	-87.180664	-22.847656	-27.672852
4335.529624	0.000000	-387.461914	-158.556641	131.205078	1.000000	-94.678711	-257.484375	45.396484	2.000000	-399.270508	404.731445	506.853516	3.000000	-96.653320	-23.042969	-26.989258
4335.549167	0.000000	-428.282227	-164.123047	172.318359	1.000000	-96.338867	-286.195312	63.072266	2.000000	-356.594727	445.649414	505.486328	3.000000	-105.833008	-23.238281	-25.622070
4335.567536	0.000000	-470.079102	-168.126953	221.244141	1.000000	-96.534180	-316.078125	83.482422	2.000000	-309.915039	479.536133	496.111328	3.000000	-116.184570	-23.531250	-24.254883
4335.587081	0.000000	-517.149414	-168.224609	285.697266	1.000000	-93.409180	-350.941406	110.240234	2.000000	-254.641602	507.758789	476.970703	3.000000	-128.977539	-23.042969	-21.813477
4335.605494	0.000000	-561.485352	-161.291016	359.525391	1.000000	-86.768555	-386.683594	141.392578	2.000000	-200.149414	524.946289	449.041016	3.000000	-142.747070	-21.773437	-18.200195
4335.625016	0.000000	-561.485352	-161.291016	359.525391	1.000000	-74.659180	-426.234375	180.259766	2.000000	-142.239258	531.489258	410.759766	3.000000	-158.762695	-19.820312	-14.489258
4335.644843	0.000000	-642.247070	-117.150391	560.990234	1.000000	-53.272461	-465.882812	225.279297	2.000000	-87.747070	525.825195	366.716797	3.000000	-177.024414	-16.109375	-8.141602
4335.663544	0.000000	-664.317383	-79.162109	674.759766	1.000000	-25.147461	-500.550781	271.080078	2.000000	-40.188477	510.688477	323.748047	3.000000	-196.165039	-12.007812	-0.719727
4335.683077	0.000000	-666.563477	-25.451172	802.494141	1.000000	17.040039	-530.433594	320.298828	2.000000	2.291992	486.958008	278.533203	3.000000	-218.821289	-6.246094	9.631836
4335.701456	0.000000	-644.883789	38.025391	921.830078	1.000000	65.868164	-550.257812	365.123047	2.000000	35.397461	458.149414	236.931641	3.000000	-241.868164	1.273437	22.131836
4335.720976	0.000000	-644.883789	38.025391	921.830078	1.000000	128.075195	-558.460937	408.384766	2.000000	63.327148	422.797852	195.232422	3.000000	-267.747070	12.308594	38.147461
4335.741531	0.000000	-500.352539	213.416016	1122.904297	1.000000	200.047852	-551.527344	445.201172	2.000000	83.737305	383.247070	154.802734	3.000000	-296.653320	28.128906	58.752930
4335.761052	0.000000	-388.633789	302.673828	1166.947266	1.000000	270.458008	-528.675781	468.833984	2.000000	95.651367	345.454102	121.208984	3.000000	-323.411133	46.976562	81.604492
4335.781637	0.000000	-254.161133	385.779297	1166.263672	1.000000	340.575195	-489.125000	475.865234	2.000000	102.487305	306.977539	91.228516	3.000000	-349.778320	72.269531	110.217773
4335.801188	0.000000	-121.739258	446.228516	1123.978516	1.000000	397.997070	-438.539062	464.537109	2.000000	105.319336	273.188477	67.693359	3.000000	-373.899414	101.078125	141.956055
4335.819606	0.000000	-3.672852	482.361328	1053.568359	1.000000	438.915039	-384.046875	438.462891	2.000000	105.807617	243.793945	49.724609	3.000000	-392.258789	132.230469	175.452148
4335.839173	0.000000	103.944336	499.548828	955.423828	1.000000	467.040039	-324.085937	399.400391	2.000000	103.854492	215.473633	34.880859	3.000000	-406.907227	170.121094	214.319336
4335.858880	0.000000	188.709961	497.595703	841.849609	1.000000	478.270508	-266.175781	353.794922	2.000000	100.631836	190.473633	21.697266	3.000000	-412.864258	211.625000	253.186523
4335.879695	0.000000	249.354492	478.748047	720.072266	1.000000	475.536133	-210.902344	304.283203	2.000000	95.846680	167.426758	12.224609	3.000000	-409.836914	257.523437	292.053711
4335.901672	0.000000	287.831055	447.595703	597.025391	1.000000	460.692383	-160.023437	253.501953	2.000000	89.791992	146.137695	3.533203	3.000000	-393.918945	305.863281	328.870117
4335.923529	0.000000	305.018555	409.705078	488.626953	1.000000	435.790039	-118.617187	206.431641	2.000000	83.834961	128.559570	-2.521484	3.000000	-366.770508	351.664062	359.045898
4335.943095	0.000000	308.924805	373.279297	405.619141	1.000000	408.641602	-89.027344	168.248047	2.000000	79.440430	114.692383	-6.720703	3.000000	-334.641602	388.382812	381.311523
4335.961489	0.000000	304.920898	339.392578	340.189453	1.000000	381.395508	-67.542969	136.998047	2.000000	75.241211	103.657227	-9.650391	3.000000	-299.290039	417.582031	396.741211
4335.981027	0.000000	296.424805	305.798828	281.693359	1.000000	352.684570	-50.160156	108.970703	2.000000	71.530273	93.305664	-11.896484	3.000000	-258.469727	442.093750	407.483398
4336.001624	0.000000	283.534180	274.060547	231.498047	1.000000	323.387695	-36.097656	84.458984	2.000000	67.233398	84.223633	-13.654297	3.000000	-213.547852	461.039062	410.608398
4336.021115	0.000000	270.155273	247.888672	193.021484	1.000000	298.485352	-25.746094	66.001953	2.000000	63.717773	76.704102	-15.119141	3.000000	-170.286133	471.878906	406.995117
4336.039502	0.000000	256.581055	225.623047	162.455078	1.000000	276.805664	-18.128906	52.232422	2.000000	60.104492	70.942383	-15.607422	3.000000	-132.200195	477.054687	398.889648
4336.059056	0.000000	242.518555	205.212891	135.794922	1.000000	256.102539	-12.269531	39.634766	2.000000	57.272461	65.375977	-16.583984	3.000000	-93.723633	477.933594	388.147461
4336.079685	0.000000	229.725586	186.169922	114.701172	1.000000	235.692383	-8.363281	29.087891	2.000000	54.538086	60.200195	-17.169922	3.000000	-57.786133	474.710937	376.233398
4336.101600	0.000000	217.616211	168.689453	96.341797	1.000000	217.528320	-5.726562	20.103516	2.000000	52.194336	55.610352	-17.365234	3.000000	-23.899414	468.851562	365.198242
4336.121114	0.000000	208.631836	155.701172	83.841797	1.000000	203.465820	-3.968750	13.462891	2.000000	50.924805	52.387695	-17.462891	3.000000	2.760742	462.308594	355.432617
4336.139539	0.000000	200.819336	145.349609	73.587891	1.000000	191.942383	-2.894531	8.873047	2.000000	49.166992	49.555664	-17.755859	3.000000	24.635742	455.375000	346.545898
4336.159104	0.000000	193.397461	135.876953	65.091797	1.000000	181.395508	-2.113281	4.771484	2.000000	47.897461	47.407227	-17.560547	3.000000	44.948242	447.757812	337.073242
4336.177502	0.000000	187.831055	129.041016	58.255859	1.000000	172.997070	-1.820312	1.841797	2.000000	47.409180	45.649414	-18.048828	3.000000	60.573242	440.824219	330.139648
4336.197071	0.000000	183.143555	122.107422	53.666016	1.000000	165.575195	-1.917969	-0.599609	2.000000	46.432617	43.891602	-17.853516	3.000000	75.124023	434.867187	325.940430
4336.215470	0.000000	180.409180	116.833984	50.248047	1.000000	159.813477	-2.308594	-2.845703	2.000000	45.846680	42.524414	-17.853516	3.000000	87.624023	430.765625	325.549805
4336.235002	0.000000	178.163086	112.146484	47.513672	1.000000	154.735352	-3.187500	-4.115234	2.000000	45.749023	41.254883	-17.755859	3.000000	100.514648	427.542969	328.381836
4336.255606	0.000000	177.577148	107.849609	45.462891	1.000000	149.754883	-3.968750	-5.775391	2.000000	45.553711	40.668945	-17.658203	3.000000	112.526367	426.175781	334.534180
4336.275141	0.000000	177.870117	105.017578	44.583984	1.000000	146.825195	-5.335937	-7.240234	2.000000	46.041992	40.571289	-18.244141	3.000000	122.975586	426.859375	343.713867
4336.293544	0.000000	179.432617	102.966797	44.779297	1.000000	144.872070	-6.117187	-7.728516	2.000000	46.237305	40.571289	-18.048828	3.000000	130.495117	429.203125	354.944336
4336.313070	0.000000	182.264648	101.892578	45.853516	1.000000	143.602539	-7.972656	-8.119141	2.000000	47.213867	40.375977	-17.755859	3.000000	138.209961	433.304687	371.838867
4336.331487	0.000000	186.659180	101.208984	48.001953	1.000000	144.286133	-9.828125	-8.119141	2.000000	48.581055	41.157227	-17.951172	3.000000	144.069336	439.359375	392.639648
4336.351013	0.000000	192.518555	101.111328	51.224609	1.000000	144.286133	-11.878906	-8.216797	2.000000	49.557617	41.840820	-18.048828	3.000000	149.733398	446.878906	420.471680
4336.371632	0.000000	200.526367	100.916016	56.205078	1.000000	145.555664	-14.710937	-8.216797	2.000000	51.901367	43.208008	-17.658203	3.000000	155.202148	456.351562	456.897461
4336.391154	0.000000	209.706055	101.599609	61.087891	1.000000	147.020508	-17.250000	-7.728516	2.000000	54.342773	44.672852	-18.048828	3.000000	160.182617	465.824219	498.303711
4336.409533	0.000000	219.959961	102.087891	68.314453	1.000000	149.168945	-20.960937	-7.728516	2.000000	56.686523	45.844727	-17.951172	3.000000	161.256836	475.199219	544.299805
4336.429065	0.000000	232.850586	103.357422	78.177734	1.000000	152.489258	-24.671875	-6.849609	2.000000	60.104492	48.383789	-17.853516	3.000000	157.643555	484.671875	601.331055
4336.447474	0.000000	247.401367	105.212891	89.798828	1.000000	156.297852	-29.164062	-5.580078	2.000000	63.815430	50.629883	-17.169922	3.000000	149.245117	491.996094	662.073242
4336.467047	0.000000	265.760742	107.166016	104.154297	1.000000	161.278320	-34.437500	-3.822266	2.000000	68.209961	54.243164	-16.974609	3.000000	133.131836	496.390625	734.534180
4336.487647	0.000000	287.538086	108.240234	123.197266	1.000000	166.942383	-40.785156	-2.552734	2.000000	73.776367	58.051758	-16.291016	3.000000	109.303711	493.753906	818.909180
4336.507168	0.000000	310.975586	108.630859	145.951172	1.000000	171.532227	-47.914062	-0.404297	2.000000	79.831055	62.739258	-15.509766	3.000000	76.100586	482.621094	904.260742
4336.525548	0.000000	336.268555	107.556641	171.927734	1.000000	177.098633	-55.531250	1.158203	2.000000	86.666992	67.329102	-13.947266	3.000000	34.206055	460.843750	986.194336
4336.545094	0.000000	366.444336	104.919922	205.814453	1.000000	182.274414	-65.003906	3.599609	2.000000	94.577148	73.579102	-11.896484	3.000000	-25.071289	425.199219	1068.713867
4336.563493	0.000000	397.889648	99.744141	245.462891	1.000000	187.840820	-74.867187	6.822266	2.000000	104.245117	80.317383	-9.455078	3.000000	-94.504883	378.519531	1132.874023
4336.583072	0.000000	433.631836	91.052734	297.708984	1.000000	193.309570	-86.683594	10.142578	2.000000	114.791992	88.911133	-4.962891	3.000000	-180.637695	315.433594	1179.846680
4336.601494	0.000000	467.909180	78.357422	355.716797	1.000000	197.997070	-99.085937	14.244141	2.000000	126.706055	98.286133	-0.470703	3.000000	-267.942383	244.925781	1196.350586
4336.621039	0.000000	467.909180	78.357422	355.716797	1.000000	202.098633	-113.246094	18.052734	2.000000	141.745117	109.907227	6.462891	3.000000	-360.325195	160.453125	1181.311523
4336.640866	0.000000	537.928711	25.232422	512.552734	1.000000	204.149414	-128.480469	21.080078	2.000000	159.225586	123.676758	16.228516	3.000000	-446.165039	71.000000	1128.870117
4336.659545	0.000000	563.612305	-16.466797	602.005859	1.000000	203.758789	-143.324219	24.205078	2.000000	178.561523	138.520508	27.849609	3.000000	-512.083008	-10.640625	1046.741211
4336.679059	0.000000	578.651367	-73.009766	702.884766	1.000000	201.903320	-159.828125	27.525391	2.000000	200.631836	156.293945	45.330078	3.000000	-561.399414	-84.468750	934.045898
4336.698604	0.000000	576.991211	-142.443359	807.572266	1.000000	197.411133	-176.625000	30.748047	2.000000	226.803711	177.192383	67.595703	3.000000	-586.790039	-141.011719	803.577148
4336.719614	0.000000	549.647461	-229.455078	914.310547	1.000000	190.379883	-193.812500	33.970703	2.000000	257.174805	203.364258	99.431641	3.000000	-588.840820	-181.929687	658.362305
4336.739175	0.000000	497.010742	-318.908203	997.904297	1.000000	180.516602	-208.753906	35.337891	2.000000	288.229492	231.293945	139.470703	3.000000	-570.286133	-203.121094	529.163086
4336.757582	0.000000	421.913086	-405.822266	1049.564453	1.000000	168.602539	-220.570312	35.923828	2.000000	319.479492	260.200195	187.126953	3.000000	-538.450195	-210.835937	419.397461
4336.777105	0.000000	321.034180	-493.517578	1068.021484	1.000000	153.954102	-230.531250	34.947266	2.000000	354.245117	292.524414	251.970703	3.000000	-495.383789	-209.859375	319.592773
4336.795487	0.000000	212.538086	-562.853516	1049.759766	1.000000	137.840820	-236.976562	32.798828	2.000000	385.397461	323.481445	327.263672	3.000000	-450.950195	-201.851562	241.760742
4336.815008	0.000000	92.225586	-616.173828	994.779297	1.000000	120.360352	-241.078125	29.771484	2.000000	413.717773	355.805664	423.943359	3.000000	-402.610352	-188.277344	174.670898
4336.835614	0.000000	-29.258789	-645.666016	907.279297	1.000000	101.317383	-242.835937	26.548828	2.000000	432.760742	387.641602	544.060547	3.000000	-354.563477	-171.480469	119.690430
4336.855119	0.000000	-129.161133	-648.888672	804.935547	1.000000	83.348633	-241.371094	22.740234	2.000000	434.713867	412.153320	674.138672	3.000000	-312.375977	-153.902344	79.163086
4336.873586	0.000000	-205.137695	-632.580078	698.294922	1.000000	66.649414	-237.855469	18.736328	2.000000	418.405273	425.629883	806.365234	3.000000	-276.145508	-138.472656	49.670898
4336.894544	0.000000	-265.586914	-597.033203	576.517578	1.000000	49.071289	-230.628906	13.560547	2.000000	372.604492	425.825195	957.830078	3.000000	-239.133789	-121.773437	25.159180
4336.914563	0.000000	-299.083008	-553.771484	469.193359	1.000000	34.520508	-221.742187	7.994141	2.000000	302.682617	407.758789	1090.837891	3.000000	-209.250977	-108.101562	8.655273
4336.934555	0.000000	-314.024414	-505.138672	375.150391	1.000000	21.336914	-211.781250	3.599609	2.000000	208.151367	372.993164	1199.431641	3.000000	-183.958008	-96.187500	-2.868164
4336.955558	0.000000	-316.172852	-452.794922	291.947266	1.000000	9.813477	-200.355469	-0.794922	2.000000	88.034180	323.286133	1276.287109	3.000000	-160.715820	-84.761719	-11.852539
4336.975120	0.000000	-309.825195	-405.822266	228.177734	1.000000	0.438477	-190.101562	-4.896484	2.000000	-35.598633	268.891602	1307.830078	3.000000	-142.747070	-75.386719	-18.004883
4336.993517	0.000000	-299.278320	-364.220703	178.275391	1.000000	-7.081055	-180.335937	-7.923828	2.000000	-152.004883	214.887695	1300.896484	3.000000	-127.805664	-67.476562	-21.813477
4337.013097	0.000000	-285.020508	-324.376953	135.306641	1.000000	-13.819336	-170.277344	-10.658203	2.000000	-264.407227	157.465820	1259.880859	3.000000	-114.426758	-60.738281	-24.840820
4337.031491	0.000000	-269.688477	-291.662109	103.470703	1.000000	-18.604492	-160.902344	-12.904297	2.000000	-354.641602	107.954102	1197.966797	3.000000	-103.391602	-54.585937	-26.500977
4337.051025	0.000000	-253.282227	-261.681641	77.103516	1.000000	-22.803711	-151.917969	-14.857422	2.000000	-429.641602	61.567383	1116.716797	3.000000	-93.821289	-49.605469	-27.575195
4337.071631	0.000000	-236.875977	-234.337891	55.619141	1.000000	-26.026367	-142.933594	-16.908203	2.000000	-486.965820	21.528320	1022.380859	3.000000	-85.325195	-45.113281	-28.161133
4337.091127	0.000000	-222.422852	-212.072266	39.701172	1.000000	-28.858398	-135.609375	-18.373047	2.000000	-523.293945	-7.182617	929.509766	3.000000	-78.098633	-41.011719	-28.454102
4337.109537	0.000000	-209.825195	-193.810547	27.201172	1.000000	-31.006836	-128.871094	-19.349609	2.000000	-545.071289	-26.420898	843.962891	3.000000	-72.727539	-37.886719	-28.649414
4337.129095	0.000000	-199.083008	-176.623047	16.751953	1.000000	-33.057617	-123.011719	-19.935547	2.000000	-556.985352	-39.995117	759.197266	3.000000	-67.551758	-34.859375	-28.356445
4337.147528	0.000000	-189.610352	-163.244141	9.427734	1.000000	-34.522461	-118.421875	-20.716797	2.000000	-559.915039	-47.807617	687.615234	3.000000	-63.157227	-32.417969	-28.356445
4337.167069	0.000000	-181.309570	-151.623047	3.763672	1.000000	-35.791992	-114.125000	-21.302734	2.000000	-557.083008	-51.713867	622.576172	3.000000	-59.739258	-30.660156	-28.356445
4337.187685	0.000000	-173.204102	-141.564453	-0.728516	1.000000	-36.670898	-110.121094	-21.595703	2.000000	-550.247070	-53.471680	565.056641	3.000000	-56.614258	-28.511719	-27.868164
4337.209549	0.000000	-167.051758	-132.287109	-4.830078	1.000000	-37.842773	-106.996094	-21.888672	2.000000	-541.067383	-52.397461	514.666016	3.000000	-53.586914	-27.144531	-27.575195
4337.229086	0.000000	-162.852539	-125.744141	-7.173828	1.000000	-38.819336	-104.945312	-22.181641	2.000000	-532.375977	-48.881836	476.775391	3.000000	-51.926758	-25.875000	-27.086914
4337.247489	0.000000	-159.922852	-120.958984	-8.345703	1.000000	-39.698242	-103.773437	-22.181641	2.000000	-524.270508	-43.413086	448.162109	3.000000	-50.559570	-25.386719	-26.891602
4337.267074	0.000000	-158.262695	-116.271484	-9.615234	1.000000	-41.358398	-103.578125	-21.693359	2.000000	-517.043945	-35.698242	422.576172	3.000000	-50.071289	-23.921875	-27.184570
4337.285469	0.000000	-158.165039	-113.341797	-9.908203	1.000000	-42.530273	-103.773437	-21.595703	2.000000	-511.184570	-27.006836	404.119141	3.000000	-49.387695	-23.140625	-27.086914
4337.305024	0.000000	-158.848633	-110.998047	-10.494141	1.000000	-44.092773	-104.164062	-21.009766	2.000000	-506.594727	-16.752930	390.642578	3.000000	-48.508789	-22.261719	-26.696289
4337.325639	0.000000	-161.192383	-109.533203	-10.005859	1.000000	-45.655273	-105.921875	-20.716797	2.000000	-503.469727	-5.034180	381.755859	3.000000	-48.411133	-21.871094	-26.598633
4337.345153	0.000000	-164.708008	-109.337891	-9.126953	1.000000	-47.510742	-108.363281	-20.130859	2.000000	-502.981445	7.075195	379.314453	3.000000	-49.583008	-21.871094	-26.598633
4337.363559	0.000000	-169.004883	-109.630859	-7.173828	1.000000	-49.073242	-111.781250	-19.154297	2.000000	-502.395508	21.137695	380.388672	3.000000	-50.266602	-21.675781	-26.305664
4337.383106	0.000000	-175.547852	-111.095703	-4.439453	1.000000	-51.709961	-116.175781	-17.396484	2.000000	-503.469727	38.715820	383.904297	3.000000	-51.633789	-21.968750	-26.305664
4337.401539	0.000000	-183.262695	-112.853516	-1.705078	1.000000	-54.053711	-121.644531	-16.322266	2.000000	-504.836914	58.247070	389.763672	3.000000	-52.708008	-21.773437	-26.793945
4337.421122	0.000000	-192.735352	-114.806641	1.908203	1.000000	-57.178711	-128.089844	-14.564453	2.000000	-506.008789	81.684570	398.845703	3.000000	-54.954102	-21.578125	-26.696289
4337.439532	0.000000	-203.965820	-117.736328	6.888672	1.000000	-60.499023	-135.316406	-12.611328	2.000000	-507.180664	106.098633	410.564453	3.000000	-57.200195	-21.968750	-26.989258
4337.459074	0.000000	-217.930664	-121.837891	13.236328	1.000000	-64.014648	-144.203125	-9.583984	2.000000	-507.278320	135.590820	426.677734	3.000000	-59.836914	-21.968750	-27.379883
4337.477496	0.000000	-233.848633	-127.306641	22.220703	1.000000	-67.530273	-155.042969	-5.580078	2.000000	-505.422852	166.743164	444.646484	3.000000	-63.352539	-22.457031	-27.184570
4337.497029	0.000000	-253.575195	-133.654297	32.767578	1.000000	-71.534180	-168.128906	-0.892578	2.000000	-499.368164	204.438477	463.787109	3.000000	-67.551758	-23.140625	-27.184570
4337.517644	0.000000	-277.500977	-140.490234	48.392578	1.000000	-76.124023	-184.242187	5.943359	2.000000	-488.528320	247.895508	482.537109	3.000000	-73.411133	-23.726562	-27.086914
4337.537181	0.000000	-303.770508	-146.642578	65.580078	1.000000	-80.323242	-202.015625	14.146484	2.000000	-470.754883	292.133789	496.697266	3.000000	-79.172852	-23.726562	-26.793945
4337.555579	0.000000	-332.383789	-152.599609	87.259766	1.000000	-85.499023	-220.960937	23.716797	2.000000	-448.977539	335.395508	506.951172	3.000000	-85.422852	-23.824219	-26.696289
4337.575138	0.000000	-366.563477	-158.458984	115.287109	1.000000	-89.600586	-244.300781	36.412109	2.000000	-418.020508	380.903320	513.494141	3.000000	-92.551758	-24.312500	-26.305664
4337.593546	0.000000	-403.184570	-165.197266	150.150391	1.000000	-92.432617	-269.496094	50.767578	2.000000	-381.204102	422.114258	516.033203	3.000000	-101.243164	-24.605469	-25.329102
4337.613072	0.000000	-446.348633	-170.763672	197.220703	1.000000	-93.311523	-299.378906	70.298828	2.000000	-334.329102	462.250977	510.759766	3.000000	-111.692383	-24.898437	-23.766602
4337.631477	0.000000	-489.122070	-172.912109	251.517578	1.000000	-91.553711	-330.921875	93.443359	2.000000	-283.938477	493.891602	497.087891	3.000000	-122.825195	-24.410156	-21.618164
4337.651014	0.000000	-489.122070	-172.912109	251.517578	1.000000	-86.963867	-367.054687	122.056641	2.000000	-227.493164	517.329102	472.478516	3.000000	-136.106445	-23.921875	-18.200195
4337.671575	0.000000	-583.555664	-158.849609	410.697266	1.000000	-77.491211	-406.898437	158.580078	2.000000	-166.653320	530.512695	436.638672	3.000000	-152.122070	-22.261719	-14.782227
4337.691141	0.000000	-623.497070	-138.048828	509.623047	1.000000	-61.084961	-445.765625	198.619141	2.000000	-110.891602	530.903320	395.232422	3.000000	-168.528320	-19.625000	-9.801758
4337.709515	0.000000	-652.110352	-107.384766	616.361328	1.000000	-37.745117	-481.410156	241.587891	2.000000	-61.770508	521.137695	352.947266	3.000000	-186.594727	-16.207031	-3.161133
4337.729036	0.000000	-652.110352	-107.384766	616.361328	1.000000	-2.295898	-514.710937	289.732422	2.000000	-14.993164	501.118164	306.755859	3.000000	-208.372070	-11.324219	6.702148
4337.749594	0.000000	-653.770508	2.673828	878.080078	1.000000	47.704102	-541.468750	340.611328	2.000000	26.315430	471.528320	258.806641	3.000000	-233.176758	-3.902344	19.202148
4337.769112	0.000000	-612.950195	78.455078	998.392578	1.000000	105.809570	-555.531250	385.240234	2.000000	57.565430	437.836914	214.861328	3.000000	-258.469727	5.765625	34.338867
4337.787471	0.000000	-545.079102	159.998047	1090.775391	1.000000	166.844727	-555.921875	421.470703	2.000000	78.268555	403.168945	176.775391	3.000000	-283.762695	18.070312	51.526367
4337.807016	0.000000	-545.079102	159.998047	1090.775391	1.000000	236.180664	-541.761719	450.474609	2.000000	93.698242	365.571289	140.251953	3.000000	-310.520508	34.964844	72.522461
4337.827600	0.000000	-318.125977	340.466797	1179.642578	1.000000	308.250977	-510.121094	466.294922	2.000000	103.170898	325.922852	107.634766	3.000000	-338.254883	57.425781	99.573242
4337.847118	0.000000	-185.899414	411.658203	1157.865234	1.000000	370.458008	-465.882812	463.853516	2.000000	107.760742	290.473633	80.681641	3.000000	-362.864258	83.597656	129.553711
4337.865520	0.000000	-61.973633	459.412109	1103.666016	1.000000	418.309570	-415.101562	445.884766	2.000000	109.030273	259.321289	60.466797	3.000000	-383.958008	112.894531	161.682617
4337.885055	0.000000	56.678711	488.416016	1016.263672	1.000000	454.442383	-356.507812	412.291016	2.000000	108.249023	229.243164	42.595703	3.000000	-401.243164	148.050781	199.280273
4337.904630	0.000000	153.846680	496.326172	908.353516	1.000000	473.875977	-297.132812	370.005859	2.000000	105.319336	202.583008	28.337891	3.000000	-411.985352	187.894531	238.733398
4337.923508	0.000000	223.573242	488.025391	796.537109	1.000000	478.661133	-243.519531	325.962891	2.000000	101.120117	179.926758	17.693359	3.000000	-413.938477	229.398437	275.549805
4337.945624	0.000000	276.209961	463.220703	666.068359	1.000000	470.165039	-187.757812	274.107422	2.000000	95.651367	156.684570	7.341797	3.000000	-404.661133	278.812500	315.588867
4337.967543	0.000000	303.944336	428.162109	548.783203	1.000000	449.657227	-141.371094	225.474609	2.000000	89.499023	136.567383	-0.080078	3.000000	-383.665039	326.371094	349.573242
4337.987077	0.000000	313.807617	393.201172	457.962891	1.000000	425.633789	-107.972656	185.435547	2.000000	84.420898	121.723633	-5.060547	3.000000	-355.930664	365.433594	375.452148
4338.005498	0.000000	313.709961	358.923828	383.451172	1.000000	398.875977	-82.582031	151.158203	2.000000	79.733398	109.418945	-8.478516	3.000000	-323.411133	398.343750	395.178711
4338.025047	0.000000	307.752930	323.279297	316.263672	1.000000	369.090820	-61.390625	119.322266	2.000000	74.948242	97.993164	-11.115234	3.000000	-283.176758	428.226562	409.338867
4338.045644	0.000000	295.838867	289.294922	258.255859	1.000000	338.622070	-44.496094	91.880859	2.000000	70.553711	87.934570	-13.654297	3.000000	-238.059570	451.468750	416.467773
4338.065136	0.000000	282.655273	260.486328	213.333984	1.000000	312.254883	-32.289062	71.568359	2.000000	66.842773	79.731445	-15.607422	3.000000	-194.211914	466.312500	415.979492
4338.083556	0.000000	268.592773	236.658203	179.251953	1.000000	289.012695	-23.597656	55.650391	2.000000	63.327148	72.797852	-16.291016	3.000000	-154.465820	474.417969	409.924805
4338.103076	0.000000	254.530273	214.392578	149.759766	1.000000	266.649414	-16.664062	42.271484	2.000000	59.811523	67.036133	-17.267578	3.000000	-113.840820	477.933594	401.038086
4338.121485	0.000000	241.737305	196.228516	127.494141	1.000000	247.899414	-12.074219	31.822266	2.000000	57.370117	62.250977	-18.146484	3.000000	-79.368164	477.640625	390.881836
4338.141027	0.000000	229.432617	178.748047	107.083984	1.000000	229.833008	-8.265625	21.958984	2.000000	55.026367	57.758789	-18.146484	3.000000	-45.383789	474.320312	379.260742
4338.161632	0.000000	217.909180	163.025391	90.580078	1.000000	211.961914	-5.628906	14.048828	2.000000	52.389648	53.461914	-18.732422	3.000000	-13.254883	467.875000	367.639648
4338.181144	0.000000	208.143555	150.037109	77.689453	1.000000	198.290039	-4.261719	7.994141	2.000000	50.924805	49.750977	-18.732422	3.000000	13.600586	460.062500	355.823242
4338.199531	0.000000	200.331055	140.173828	68.216797	1.000000	186.961914	-3.089844	3.892578	2.000000	49.264648	47.309570	-18.732422	3.000000	34.791992	452.445312	346.252930
4338.219142	0.000000	193.202148	131.091797	60.599609	1.000000	176.903320	-2.601562	0.181641	2.000000	48.190430	45.161133	-18.732422	3.000000	54.030273	444.730469	337.170898
4338.237558	0.000000	187.733398	124.158203	54.544922	1.000000	169.090820	-2.210937	-2.552734	2.000000	46.920898	43.403320	-18.830078	3.000000	69.362305	438.285156	331.799805
4338.257101	0.000000	183.143555	118.103516	49.466797	1.000000	161.961914	-2.308594	-4.896484	2.000000	46.237305	42.133789	-19.123047	3.000000	83.815430	432.621094	327.893555
4338.275529	0.000000	180.311523	113.123047	46.244141	1.000000	156.102539	-2.699219	-6.654297	2.000000	45.846680	40.766602	-19.025391	3.000000	96.315430	427.933594	326.916992
4338.295068	0.000000	177.674805	108.044922	42.728516	1.000000	150.340820	-3.285156	-8.509766	2.000000	45.651367	39.594727	-19.123047	3.000000	108.424805	424.710937	328.479492
4338.314563	0.000000	176.893555	103.943359	40.677734	1.000000	146.336914	-4.457031	-9.974609	2.000000	45.553711	38.618164	-19.220703	3.000000	120.631836	422.953125	334.045898
4338.335574	0.000000	177.967773	100.916016	40.580078	1.000000	143.309570	-5.628906	-10.853516	2.000000	45.846680	38.032227	-19.025391	3.000000	131.081055	423.441406	343.616211
4338.355181	0.000000	179.432617	99.451172	40.873047	1.000000	141.356445	-6.800781	-11.439453	2.000000	46.334961	38.618164	-18.927734	3.000000	139.186523	426.566406	357.874023
4338.373580	0.000000	182.459961	98.572266	42.044922	1.000000	140.575195	-8.363281	-11.439453	2.000000	47.213867	39.106445	-19.220703	3.000000	146.217773	430.960937	374.768555
4338.393124	0.000000	187.049805	98.083984	44.388672	1.000000	140.770508	-9.925781	-11.439453	2.000000	48.288086	39.594727	-19.123047	3.000000	152.565430	437.601562	397.131836
